9 27 28 38 41 2 - 77 Aug 01
5 7 9 34 37 1 - 77 Aug 02
3 22 31 34 35 12 - 77 Aug 03
10 13 21 36 47 18 - 77 Aug 04
2 20 26 28 40 22 - 77 Aug 05
7 8 21 40 44 26 - 77 Aug 06
10 16 24 45 46 11 - 77 Aug 07
21 23 36 38 41 17 - 77 Aug 08
6 17 21 25 44 9 - 77 Aug 09
2 31 32 34 44 8 - 77 Aug 10
8 33 37 43 46 0 - 77 Aug 11
25 26 34 35 38 0 - 77 Aug 12
7 15 27 39 46 0 - 77 Aug 13
6 17 20 34 35 0 - 77 Aug 14
3 7 9 26 42 0 - 77 Aug 15
13 15 18 22 27 0 - 77 Aug 16
6 24 25 31 33 0 - 77 Aug 17
5 16 34 36 44 0 - 77 Aug 18
13 15 16 44 47 0 - 77 Aug 19
16 30 32 43 47 0 - 77 Aug 20
24 30 33 44 47 0 - 77 Aug 21
3 7 10 22 35 0 - 77 Aug 22
12 22 27 30 40 0 - 77 Aug 23
1 7 15 19 20 0 - 77 Aug 24
7 9 28 33 47 0 - 77 Aug 25
4 14 28 44 45 0 - 77 Aug 26
4 7 8 28 39 0 - 77 Aug 27
9 12 26 39 47 0 - 77 Aug 28
5 12 18 34 44 0 - 77 Aug 29
9 17 24 28 39 0 - 77 Aug 30
4 5 25 35 39 0 - 77 Aug 31
11 14 20 34 46 0 - 77 Aug 32
14 16 21 36 41 0 - 77 Aug 33
17 34 38 41 45 0 - 77 Aug 34
11 18 19 34 37 0 - 77 Aug 35
3 14 16 28 45 0 - 77 Aug 36
7 9 12 18 37 0 - 77 Aug 37
13 24 25 28 32 0 - 77 Aug 38
11 27 29 30 45 0 - 77 Aug 39
2 3 8 11 28 0 - 77 Aug 40
18 29 31 39 43 0 - 77 Aug 41
1 5 7 16 24 0 - 77 Aug 42
18 23 26 37 42 0 - 77 Aug 43
16 27 38 41 43 0 - 77 Aug 44
23 25 33 45 47 0 - 77 Aug 45
3 11 15 28 41 0 - 77 Aug 46
14 22 24 45 47 0 - 77 Aug 47
3 5 8 11 38 0 - 77 Aug 48
13 25 36 40 41 0 - 77 Aug 49
4 5 16 18 38 0 - 77 Aug 50
10 18 33 34 46 0 - 77 Aug 51
5 8 24 27 43 0 - 77 Aug 52
7 11 24 42 45 0 - 77 Aug 53
8 19 21 35 47 0 - 77 Aug 54
2 22 28 39 41 0 - 77 Aug 55
6 37 38 39 43 0 - 77 Aug 56
1 4 22 27 31 0 - 77 Aug 57
12 28 29 42 44 0 - 77 Aug 58
3 9 28 33 37 0 - 77 Aug 59
14 27 32 42 47 0 - 77 Aug 60
5 6 24 25 26 0 - 77 Aug 61
1 6 8 40 41 0 - 77 Aug 62
5 9 35 45 47 0 - 77 Aug 63
18 28 33 40 44 0 - 77 Aug 64
12 18 29 41 47 0 - 77 Aug 65
17 22 23 32 37 0 - 77 Aug 66
18 19 34 36 44 0 - 77 Aug 67
1 4 10 12 46 0 - 77 Aug 68
16 19 22 39 43 0 - 77 Aug 69
3 13 14 22 40 0 - 77 Aug 70
15 17 26 43 45 0 - 77 Aug 71
8 13 26 40 44 0 - 77 Aug 72
1 19 21 25 42 0 - 77 Aug 73
1 13 23 44 45 0 - 77 Aug 74
12 13 22 29 37 0 - 77 Aug 75
1 16 38 39 44 0 - 77 Aug 76
5 14 19 20 34 0 - 77 Aug 77
3 4 11 17 36 0 - 77 Aug 78
2 7 9 30 32 0 - 77 Aug 79
13 23 38 42 43 0 - 77 Aug 80
8 10 16 24 28 0 - 77 Aug 81
4 14 15 24 47 0 - 77 Aug 82
11 12 25 33 44 0 - 77 Aug 83
3 11 32 42 46 0 - 77 Aug 84
3 8 13 14 26 0 - 77 Aug 85
4 14 18 34 45 0 - 77 Aug 86
12 20 21 24 30 0 - 77 Aug 87
3 17 39 41 42 0 - 77 Aug 88
19 21 27 34 47 0 - 77 Aug 89
1 2 6 20 47 0 - 77 Aug 90
10 15 22 25 35 0 - 77 Aug 91
4 11 30 35 38 0 - 77 Aug 92
11 22 25 28 42 0 - 77 Aug 93
5 15 17 38 39 0 - 77 Aug 94
3 37 42 43 44 0 - 77 Aug 95
6 12 24 30 36 0 - 77 Aug 96
1 2 13 25 41 0 - 77 Aug 97
6 18 27 33 41 0 - 77 Aug 98
5 15 24 35 36 0 - 77 Aug 99
8 10 14 16 41 0 - 77 Aug 100
4 6 16 31 46 0 - 77 Aug 101
2 4 15 27 38 0 - 77 Aug 102
13 14 18 46 47 0 - 77 Aug 103
3 31 40 45 47 0 - 77 Aug 104
3 5 12 21 32 0 - 77 Aug 105
12 27 28 32 46 0 - 77 Aug 106
7 34 36 40 43 0 - 77 Aug 107
16 17 23 31 42 0 - 77 Aug 108
2 7 14 16 19 0 - 77 Aug 109
8 11 18 24 46 0 - 77 Aug 110
6 17 22 31 47 0 - 77 Aug 111
12 18 40 44 45 0 - 77 Aug 112
1 15 28 29 36 0 - 77 Aug 113
4 13 31 33 35 0 - 77 Aug 114
2 8 14 26 29 0 - 77 Aug 115
9 15 23 37 40 0 - 77 Aug 116
6 9 30 38 39 0 - 77 Aug 117
23 34 35 39 44 0 - 77 Aug 118
7 8 13 28 30 0 - 77 Aug 119
6 14 24 41 43 0 - 77 Aug 120
6 12 15 24 38 0 - 77 Aug 121
10 12 13 24 43 0 - 77 Aug 122
23 25 30 39 47 0 - 77 Aug 123
2 18 23 35 44 0 - 77 Aug 124
6 9 15 43 44 0 - 77 Aug 125
3 20 29 39 45 0 - 77 Aug 126
14 24 34 36 38 0 - 77 Aug 127
1 12 20 31 37 0 - 77 Aug 128
5 18 20 28 34 0 - 77 Aug 129
3 33 34 36 47 0 - 77 Aug 130
13 27 40 44 46 0 - 77 Aug 131
4 9 25 29 33 0 - 77 Aug 132
17 19 26 36 45 0 - 77 Aug 133
3 13 23 30 44 0 - 77 Aug 134
5 12 20 34 43 0 - 77 Aug 135
2 7 29 41 47 0 - 77 Aug 136
12 15 30 32 39 0 - 77 Aug 137
4 20 34 37 47 0 - 77 Aug 138
1 6 15 22 23 0 - 77 Aug 139
11 12 26 38 46 0 - 77 Aug 140
1 5 13 28 46 0 - 77 Aug 141
18 26 30 35 43 0 - 77 Aug 142
3 12 14 43 47 0 - 77 Aug 143
10 17 22 42 47 0 - 77 Aug 144
11 22 37 40 44 0 - 77 Aug 145
13 28 32 37 43 0 - 77 Aug 146
18 25 28 35 46 0 - 77 Aug 147
21 29 30 31 38 0 - 77 Aug 148
5 12 13 22 26 0 - 77 Aug 149
22 31 33 40 41 0 - 77 Aug 150
8 12 18 29 40 0 - 77 Aug 151
3 10 19 24 39 0 - 77 Aug 152
6 14 17 42 43 0 - 77 Aug 153
17 21 28 41 46 0 - 77 Aug 154
23 31 33 35 44 0 - 77 Aug 155
7 9 12 37 42 0 - 77 Aug 156
14 27 32 38 47 0 - 77 Aug 157
7 11 25 41 47 0 - 77 Aug 158
8 9 18 19 20 0 - 77 Aug 159
2 14 25 26 32 0 - 77 Aug 160
7 13 14 17 46 0 - 77 Aug 161
6 8 16 19 33 0 - 77 Aug 162
4 5 8 27 33 0 - 77 Aug 163
20 29 31 42 45 0 - 77 Aug 164
16 17 18 22 28 0 - 77 Aug 165
2 6 26 36 45 0 - 77 Aug 166
4 16 33 42 46 0 - 77 Aug 167
3 4 20 30 37 0 - 77 Aug 168
3 17 24 27 41 0 - 77 Aug 169
7 24 29 42 43 0 - 77 Aug 170
14 21 23 32 39 0 - 77 Aug 171
5 10 19 30 46 0 - 77 Aug 172
3 5 7 16 46 0 - 77 Aug 173
11 14 24 45 46 0 - 77 Aug 174
8 21 28 38 44 0 - 77 Aug 175
13 23 30 38 40 0 - 77 Aug 176
2 12 27 32 39 0 - 77 Aug 177
21 26 31 34 45 0 - 77 Aug 178
5 16 21 23 32 0 - 77 Aug 179
3 13 14 31 39 0 - 77 Aug 180
11 15 17 25 43 0 - 77 Aug 181
4 12 38 40 47 0 - 77 Aug 182
9 16 20 25 28 0 - 77 Aug 183
9 13 21 28 29 0 - 77 Aug 184
1 4 18 20 40 0 - 77 Aug 185
10 41 42 43 45 0 - 77 Aug 186
1 30 31 35 43 0 - 77 Aug 187
7 12 19 23 41 0 - 77 Aug 188
3 4 12 17 31 0 - 77 Aug 189
5 15 30 40 42 0 - 77 Aug 190
5 9 30 44 45 0 - 77 Aug 191
13 15 32 39 40 0 - 77 Aug 192
2 4 13 23 42 0 - 77 Aug 193
17 28 31 35 40 0 - 77 Aug 194
7 23 27 36 42 0 - 77 Aug 195
19 22 26 34 44 0 - 77 Aug 196
1 20 26 34 41 0 - 77 Aug 197
20 23 29 34 38 0 - 77 Aug 198
18 30 31 34 38 0 - 77 Aug 199
5 20 22 31 46 0 - 77 Aug 200
4 13 41 43 45 0 - 77 Aug 201
14 22 40 42 44 0 - 77 Aug 202
1 19 27 29 33 0 - 77 Aug 203
7 15 18 19 41 0 - 77 Aug 204
11 17 21 31 41 0 - 77 Aug 205
1 19 41 43 44 0 - 77 Aug 206
16 38 42 44 46 0 - 77 Aug 207
5 13 14 16 25 0 - 77 Aug 208
4 12 19 20 38 0 - 77 Aug 209
18 20 27 32 41 0 - 77 Aug 210
11 15 20 32 36 0 - 77 Aug 211
15 29 31 35 41 0 - 77 Aug 212
3 5 10 29 45 0 - 77 Aug 213
20 23 27 34 45 0 - 77 Aug 214
1 9 19 22 36 0 - 77 Aug 215
5 6 27 31 41 0 - 77 Aug 216
8 15 28 30 35 0 - 77 Aug 217
3 10 19 32 40 0 - 77 Aug 218
1 4 7 12 23 0 - 77 Aug 219
2 12 17 22 25 0 - 77 Aug 220
11 15 21 28 47 0 - 77 Aug 221
1 7 11 16 27 0 - 77 Aug 222
2 19 28 34 39 0 - 77 Aug 223
8 17 33 34 41 0 - 77 Aug 224
7 27 31 32 40 0 - 77 Aug 225
17 18 27 31 33 0 - 77 Aug 226
12 20 27 31 33 0 - 77 Aug 227
12 18 35 44 46 0 - 77 Aug 228
20 29 33 34 47 0 - 77 Aug 229
29 30 31 33 45 0 - 77 Aug 230
23 24 34 41 44 0 - 77 Aug 231
3 5 26 30 36 0 - 77 Aug 232
2 14 21 32 43 0 - 77 Aug 233
6 15 19 24 27 0 - 77 Aug 234
19 34 37 38 39 0 - 77 Aug 235
5 13 22 23 33 0 - 77 Aug 236
4 22 26 36 45 0 - 77 Aug 237
7 12 20 23 42 0 - 77 Aug 238
8 25 26 32 33 0 - 77 Aug 239
14 20 26 38 39 0 - 77 Aug 240
6 22 28 37 38 0 - 77 Aug 241
10 14 15 23 32 0 - 77 Aug 242
5 23 33 35 38 0 - 77 Aug 243
6 13 20 27 47 0 - 77 Aug 244
9 12 17 41 44 0 - 77 Aug 245
8 16 19 40 43 0 - 77 Aug 246
1 29 32 38 39 0 - 77 Aug 247
11 27 36 42 46 0 - 77 Aug 248
1 14 15 25 41 0 - 77 Aug 249
7 13 24 32 46 0 - 77 Aug 250
1 9 10 18 34 0 - 77 Aug 251
9 21 22 26 34 0 - 77 Aug 252
2 21 22 24 26 0 - 77 Aug 253
18 22 28 31 44 0 - 77 Aug 254
7 11 23 27 40 0 - 77 Aug 255
4 6 8 29 44 0 - 77 Aug 256
4 16 17 35 40 0 - 77 Aug 257
3 6 7 11 44 0 - 77 Aug 258
3 20 26 33 47 0 - 77 Aug 259
1 2 7 11 23 0 - 77 Aug 260
10 22 26 44 46 0 - 77 Aug 261
11 15 33 35 42 0 - 77 Aug 262
17 25 33 43 44 0 - 77 Aug 263
7 19 27 29 35 0 - 77 Aug 264
18 26 38 42 44 0 - 77 Aug 265
4 5 16 46 47 0 - 77 Aug 266
8 18 30 42 44 0 - 77 Aug 267
23 26 38 41 44 0 - 77 Aug 268
7 18 32 41 43 0 - 77 Aug 269
2 14 26 33 41 0 - 77 Aug 270
1 10 24 36 39 0 - 77 Aug 271
10 16 17 42 43 0 - 77 Aug 272
2 6 12 13 29 0 - 77 Aug 273
6 8 12 24 26 0 - 77 Aug 274
8 12 31 38 39 0 - 77 Aug 275
1 10 19 42 47 0 - 77 Aug 276
4 12 31 41 42 0 - 77 Aug 277
1 18 23 31 43 0 - 77 Aug 278
7 16 28 43 46 0 - 77 Aug 279
3 8 14 38 47 0 - 77 Aug 280
1 12 25 30 36 0 - 77 Aug 281
14 15 29 30 36 0 - 77 Aug 282
4 8 10 31 45 0 - 77 Aug 283
10 25 32 37 46 0 - 77 Aug 284
5 12 13 32 36 0 - 77 Aug 285
20 22 25 39 42 0 - 77 Aug 286
19 29 32 43 46 0 - 77 Aug 287
2 8 20 32 45 0 - 77 Aug 288
28 32 33 43 44 0 - 77 Aug 289
17 34 40 42 44 0 - 77 Aug 290
5 7 13 32 36 0 - 77 Aug 291
6 12 28 39 46 0 - 77 Aug 292
11 12 20 35 36 0 - 77 Aug 293
4 36 37 42 43 0 - 77 Aug 294
3 12 26 39 44 0 - 77 Aug 295
1 2 34 46 47 0 - 77 Aug 296
6 19 20 31 43 0 - 77 Aug 297
9 17 24 41 42 0 - 77 Aug 298
7 14 23 36 46 0 - 77 Aug 299
4 19 20 32 36 0 - 77 Aug 300
17 21 24 31 34 0 - 77 Aug 301
1 11 17 27 38 0 - 77 Aug 302
7 18 23 26 35 0 - 77 Aug 303
1 5 11 33 40 0 - 77 Aug 304
5 10 21 33 34 0 - 77 Aug 305
17 26 27 35 45 0 - 77 Aug 306
9 27 40 41 43 0 - 77 Aug 307
13 17 29 38 42 0 - 77 Aug 308
13 16 22 24 30 0 - 77 Aug 309
11 18 32 44 46 0 - 77 Aug 310
7 11 31 40 45 0 - 77 Aug 311
6 17 19 22 39 0 - 77 Aug 312
6 25 30 31 33 0 - 77 Aug 313
5 11 13 14 38 0 - 77 Aug 314
5 14 16 27 38 0 - 77 Aug 315
9 11 24 29 32 0 - 77 Aug 316
8 16 23 29 39 0 - 77 Aug 317
12 21 24 32 43 0 - 77 Aug 318
4 9 13 33 38 0 - 77 Aug 319
13 15 24 36 46 0 - 77 Aug 320
17 22 38 43 45 0 - 77 Aug 321
6 37 41 43 45 0 - 77 Aug 322
4 13 29 38 45 0 - 77 Aug 323
5 9 29 35 41 0 - 77 Aug 324
6 7 12 33 36 0 - 77 Aug 325
3 17 22 25 46 0 - 77 Aug 326
10 11 13 23 43 0 - 77 Aug 327
2 5 20 36 38 0 - 77 Aug 328
5 6 11 29 31 0 - 77 Aug 329
6 10 40 45 47 0 - 77 Aug 330
2 13 18 32 35 0 - 77 Aug 331
10 25 33 40 46 0 - 77 Aug 332
4 20 27 31 33 0 - 77 Aug 333
9 16 21 33 34 0 - 77 Aug 334
15 22 24 41 43 0 - 77 Aug 335
1 8 10 18 42 0 - 77 Aug 336
5 8 15 16 39 0 - 77 Aug 337
1 3 12 26 35 0 - 77 Aug 338
6 9 14 25 37 0 - 77 Aug 339
5 10 18 22 47 0 - 77 Aug 340
2 8 28 40 46 0 - 77 Aug 341
1 6 20 23 31 0 - 77 Aug 342
19 27 32 35 46 0 - 77 Aug 343
2 3 16 22 39 0 - 77 Aug 344
1 13 23 41 45 0 - 77 Aug 345
8 15 22 31 34 0 - 77 Aug 346
7 8 13 21 31 0 - 77 Aug 347
6 15 26 32 41 0 - 77 Aug 348
17 24 37 42 44 0 - 77 Aug 349
6 14 24 25 27 0 - 77 Aug 350
14 28 38 41 43 0 - 77 Aug 351
7 25 34 35 46 0 - 77 Aug 352
2 3 10 33 36 0 - 77 Aug 353
4 37 38 44 47 0 - 77 Aug 354
27 28 30 33 37 0 - 77 Aug 355
1 3 15 17 29 0 - 77 Aug 356
3 9 28 41 47 0 - 77 Aug 357
2 22 38 41 46 0 - 77 Aug 358
12 22 33 36 39 0 - 77 Aug 359
2 13 24 39 42 0 - 77 Aug 360
12 17 27 39 44 0 - 77 Aug 361
3 12 14 18 23 0 - 77 Aug 362
9 11 16 24 31 0 - 77 Aug 363
9 15 31 41 44 0 - 77 Aug 364
1 11 20 31 40 0 - 77 Aug 365
4 8 11 21 26 0 - 77 Aug 366
5 11 15 16 26 0 - 77 Aug 367
3 11 40 41 43 0 - 77 Aug 368
7 15 22 23 32 0 - 77 Aug 369
12 13 15 18 19 0 - 77 Aug 370
6 12 15 26 36 0 - 77 Aug 371
5 8 11 29 36 0 - 77 Aug 372
3 7 28 45 47 0 - 77 Aug 373
1 10 14 28 29 0 - 77 Aug 374
3 15 23 29 43 0 - 77 Aug 375
8 9 29 36 39 0 - 77 Aug 376
12 13 22 39 43 0 - 77 Aug 377
9 19 22 31 35 0 - 77 Aug 378
1 4 7 8 16 0 - 77 Aug 379
7 9 22 33 40 0 - 77 Aug 380
12 21 32 41 47 0 - 77 Aug 381
1 3 6 20 31 0 - 77 Aug 382
6 15 20 42 46 0 - 77 Aug 383
24 28 30 32 44 0 - 77 Aug 384
16 18 24 40 41 0 - 77 Aug 385
16 20 32 42 43 0 - 77 Aug 386
27 28 31 32 43 0 - 77 Aug 387
26 28 31 35 39 0 - 77 Aug 388
22 28 38 39 41 0 - 77 Aug 389
14 19 25 33 46 0 - 77 Aug 390
14 21 26 39 41 0 - 77 Aug 391
13 20 39 40 41 0 - 77 Aug 392
3 11 12 20 36 0 - 77 Aug 393
1 5 20 26 39 0 - 77 Aug 394
1 11 28 33 41 0 - 77 Aug 395
8 11 21 25 40 0 - 77 Aug 396
7 17 25 32 35 0 - 77 Aug 397
22 28 29 37 42 0 - 77 Aug 398
1 24 26 35 38 0 - 77 Aug 399
7 11 16 29 41 0 - 77 Aug 400
2 31 36 43 45 0 - 77 Aug 401
23 36 39 40 44 0 - 77 Aug 402
3 6 10 37 42 0 - 77 Aug 403
4 29 33 35 38 0 - 77 Aug 404
1 7 15 32 38 0 - 77 Aug 405
10 27 29 34 36 0 - 77 Aug 406
7 9 16 25 43 0 - 77 Aug 407
6 7 12 22 36 0 - 77 Aug 408
5 21 28 35 47 0 - 77 Aug 409
2 9 27 32 43 0 - 77 Aug 410
3 9 32 43 44 0 - 77 Aug 411
3 17 20 25 34 0 - 77 Aug 412
13 14 19 22 42 0 - 77 Aug 413
1 4 18 35 37 0 - 77 Aug 414
5 11 12 24 38 0 - 77 Aug 415
16 31 40 43 45 0 - 77 Aug 416
12 13 22 28 34 0 - 77 Aug 417
5 20 36 40 43 0 - 77 Aug 418
21 25 26 32 36 0 - 77 Aug 419
8 11 29 30 36 0 - 77 Aug 420
14 15 17 18 33 0 - 77 Aug 421
16 26 34 42 45 0 - 77 Aug 422
5 10 11 21 33 0 - 77 Aug 423
7 11 18 20 27 0 - 77 Aug 424
7 18 22 27 39 0 - 77 Aug 425
4 13 16 17 47 0 - 77 Aug 426
24 26 30 31 35 0 - 77 Aug 427
7 17 18 31 35 0 - 77 Aug 428
4 18 28 39 44 0 - 77 Aug 429
5 16 36 44 47 0 - 77 Aug 430
11 26 32 33 39 0 - 77 Aug 431
8 26 30 34 45 0 - 77 Aug 432
12 27 32 38 40 0 - 77 Aug 433
14 15 17 19 26 0 - 77 Aug 434
11 19 25 38 45 0 - 77 Aug 435
14 28 32 33 42 0 - 77 Aug 436
13 21 35 36 41 0 - 77 Aug 437
7 10 26 39 45 0 - 77 Aug 438
6 15 18 29 40 0 - 77 Aug 439
1 13 37 43 44 0 - 77 Aug 440
7 15 37 40 47 0 - 77 Aug 441
6 22 34 37 47 0 - 77 Aug 442
2 4 18 35 46 0 - 77 Aug 443
15 27 30 45 46 0 - 77 Aug 444
16 26 43 45 46 0 - 77 Aug 445
6 7 26 30 36 0 - 77 Aug 446
6 8 12 14 37 0 - 77 Aug 447
11 13 25 28 30 0 - 77 Aug 448
13 37 38 39 47 0 - 77 Aug 449
2 10 20 40 41 0 - 77 Aug 450
1 7 18 33 44 0 - 77 Aug 451
3 13 21 31 32 0 - 77 Aug 452
4 27 33 36 39 0 - 77 Aug 453
5 25 30 31 43 0 - 77 Aug 454
2 18 19 31 33 0 - 77 Aug 455
10 12 19 23 27 0 - 77 Aug 456
1 8 27 34 46 0 - 77 Aug 457
5 6 19 34 47 0 - 77 Aug 458
9 20 33 43 45 0 - 77 Aug 459
6 11 29 39 47 0 - 77 Aug 460
3 5 14 22 30 0 - 77 Aug 461
1 11 19 39 45 0 - 77 Aug 462
2 3 5 13 35 0 - 77 Aug 463
2 3 14 23 40 0 - 77 Aug 464
2 20 38 40 43 0 - 77 Aug 465
5 11 42 43 44 0 - 77 Aug 466
2 21 26 32 34 0 - 77 Aug 467
1 12 14 43 44 0 - 77 Aug 468
17 19 21 22 45 0 - 77 Aug 469
12 15 26 28 40 0 - 77 Aug 470
7 12 18 34 45 0 - 77 Aug 471
14 15 24 28 37 0 - 77 Aug 472
2 16 27 29 39 0 - 77 Aug 473
8 12 24 36 46 0 - 77 Aug 474
7 8 10 11 34 0 - 77 Aug 475
2 26 30 39 47 0 - 77 Aug 476
3 16 17 33 46 0 - 77 Aug 477
5 10 24 27 29 0 - 77 Aug 478
7 8 14 17 46 0 - 77 Aug 479
2 7 8 19 29 0 - 77 Aug 480
3 9 23 41 46 0 - 77 Aug 481
2 4 9 29 46 0 - 77 Aug 482
7 14 20 29 36 0 - 77 Aug 483
14 16 28 35 38 0 - 77 Aug 484
2 15 21 23 44 0 - 77 Aug 485
3 13 21 44 47 0 - 77 Aug 486
5 24 33 43 47 0 - 77 Aug 487
7 11 14 16 27 0 - 77 Aug 488
3 8 23 32 46 0 - 77 Aug 489
4 6 21 23 28 0 - 77 Aug 490
2 13 14 15 16 0 - 77 Aug 491
19 22 26 37 45 0 - 77 Aug 492
1 10 16 21 45 0 - 77 Aug 493
7 10 25 36 46 0 - 77 Aug 494
6 11 26 29 46 0 - 77 Aug 495
8 11 27 31 43 0 - 77 Aug 496
3 8 11 13 29 0 - 77 Aug 497
5 8 24 26 36 0 - 77 Aug 498
7 11 16 29 44 0 - 77 Aug 499
5 11 26 37 47 0 - 77 Aug 500
1 2 5 33 40 0 - 77 Aug 501
14 16 30 34 37 0 - 77 Aug 502
4 11 12 17 41 0 - 77 Aug 503
10 22 34 38 44 0 - 77 Aug 504
4 7 19 22 45 0 - 77 Aug 505
2 6 13 14 15 0 - 77 Aug 506
4 5 8 10 47 0 - 77 Aug 507
17 29 31 40 44 0 - 77 Aug 508
9 12 15 18 46 0 - 77 Aug 509
9 11 19 24 33 0 - 77 Aug 510
8 12 14 17 29 0 - 77 Aug 511
5 20 24 26 43 0 - 77 Aug 512
10 19 30 31 36 0 - 77 Aug 513
2 9 35 36 40 0 - 77 Aug 514
6 18 19 25 33 0 - 77 Aug 515
9 25 35 38 43 0 - 77 Aug 516
6 25 38 46 47 0 - 77 Aug 517
8 10 20 37 39 0 - 77 Aug 518
1 23 24 26 47 0 - 77 Aug 519
3 20 38 41 42 0 - 77 Aug 520
10 18 27 42 46 0 - 77 Aug 521
10 26 27 32 47 0 - 77 Aug 522
8 20 21 28 33 0 - 77 Aug 523
20 23 24 27 32 0 - 77 Aug 524
1 15 24 38 42 0 - 77 Aug 525
1 10 14 17 25 0 - 77 Aug 526
10 32 38 43 44 0 - 77 Aug 527
8 9 14 20 41 0 - 77 Aug 528
7 13 20 27 41 0 - 77 Aug 529
9 21 33 46 47 0 - 77 Aug 530
7 17 26 32 42 0 - 77 Aug 531
1 24 26 29 34 0 - 77 Aug 532
7 26 34 41 45 0 - 77 Aug 533
4 10 11 24 31 0 - 77 Aug 534
2 13 14 19 34 0 - 77 Aug 535
8 11 13 23 36 0 - 77 Aug 536
4 21 32 34 44 0 - 77 Aug 537
13 17 43 44 45 0 - 77 Aug 538
11 12 16 17 19 0 - 77 Aug 539
27 30 41 44 46 0 - 77 Aug 540
6 13 27 32 41 0 - 77 Aug 541
7 14 28 38 46 0 - 77 Aug 542
4 29 37 38 40 0 - 77 Aug 543
11 18 20 23 43 0 - 77 Aug 544
15 20 21 30 46 0 - 77 Aug 545
6 20 25 26 30 0 - 77 Aug 546
1 11 24 43 47 0 - 77 Aug 547
18 39 41 43 44 0 - 77 Aug 548
4 6 15 30 40 0 - 77 Aug 549
1 17 18 22 24 0 - 77 Aug 550
2 22 33 38 42 0 - 77 Aug 551
5 7 14 38 41 0 - 77 Aug 552
7 8 14 21 44 0 - 77 Aug 553
3 19 32 33 44 0 - 77 Aug 554
10 17 20 24 36 0 - 77 Aug 555
12 18 27 33 41 0 - 77 Aug 556
2 4 6 20 37 0 - 77 Aug 557
7 9 19 32 36 0 - 77 Aug 558
15 16 22 38 42 0 - 77 Aug 559
13 20 34 35 42 0 - 77 Aug 560
4 24 29 32 34 0 - 77 Aug 561
2 15 17 29 38 0 - 77 Aug 562
14 19 29 32 38 0 - 77 Aug 563
7 24 29 41 42 0 - 77 Aug 564
15 23 26 34 47 0 - 77 Aug 565
4 18 26 30 33 0 - 77 Aug 566
11 20 34 45 47 0 - 77 Aug 567
1 3 16 36 40 0 - 77 Aug 568
3 9 15 22 24 0 - 77 Aug 569
3 11 33 45 46 0 - 77 Aug 570
1 14 20 27 29 0 - 77 Aug 571
18 25 28 29 43 0 - 77 Aug 572
2 8 23 25 37 0 - 77 Aug 573
14 19 27 35 36 0 - 77 Aug 574
8 13 23 32 43 0 - 77 Aug 575
9 11 35 45 47 0 - 77 Aug 576
3 4 13 15 32 0 - 77 Aug 577
2 9 16 19 43 0 - 77 Aug 578
19 21 24 29 40 0 - 77 Aug 579
12 13 30 32 47 0 - 77 Aug 580
2 13 33 36 45 0 - 77 Aug 581
12 13 20 24 36 0 - 77 Aug 582
3 7 16 31 46 0 - 77 Aug 583
5 6 9 20 33 0 - 77 Aug 584
1 11 16 28 41 0 - 77 Aug 585
2 8 15 31 41 0 - 77 Aug 586
6 28 37 38 45 0 - 77 Aug 587
10 14 19 36 37 0 - 77 Aug 588
15 20 25 37 41 0 - 77 Aug 589
5 21 31 32 34 0 - 77 Aug 590
13 18 20 34 43 0 - 77 Aug 591
1 4 17 32 47 0 - 77 Aug 592
17 31 36 44 46 0 - 77 Aug 593
17 21 22 26 42 0 - 77 Aug 594
6 11 12 26 35 0 - 77 Aug 595
3 5 12 21 44 0 - 77 Aug 596
9 10 28 31 43 0 - 77 Aug 597
7 15 19 20 31 0 - 77 Aug 598
3 22 35 37 40 0 - 77 Aug 599
9 10 12 17 18 0 - 77 Aug 600
6 9 11 40 46 0 - 77 Aug 601
5 23 29 30 46 0 - 77 Aug 602
3 7 16 23 34 0 - 77 Aug 603
4 19 25 34 35 0 - 77 Aug 604
8 13 30 31 39 0 - 77 Aug 605
7 13 24 32 37 0 - 77 Aug 606
9 13 18 32 40 0 - 77 Aug 607
8 10 21 34 40 0 - 77 Aug 608
13 18 24 32 36 0 - 77 Aug 609
4 18 24 25 30 0 - 77 Aug 610
27 31 32 33 42 0 - 77 Aug 611
5 7 10 18 25 0 - 77 Aug 612
1 7 12 13 20 0 - 77 Aug 613
5 13 23 29 44 0 - 77 Aug 614
2 27 30 32 41 0 - 77 Aug 615
16 35 39 44 47 0 - 77 Aug 616
2 7 9 18 25 0 - 77 Aug 617
14 32 36 43 47 0 - 77 Aug 618
9 25 27 32 42 0 - 77 Aug 619
5 15 25 36 42 0 - 77 Aug 620
3 4 8 10 29 0 - 77 Aug 621
12 22 27 30 45 0 - 77 Aug 622
4 24 40 44 45 0 - 77 Aug 623
11 12 32 34 45 0 - 77 Aug 624
12 17 20 31 42 0 - 77 Aug 625
5 18 24 35 41 0 - 77 Aug 626
23 34 35 45 47 0 - 77 Aug 627
5 9 18 22 38 0 - 77 Aug 628
9 14 16 28 38 0 - 77 Aug 629
8 19 27 35 40 0 - 77 Aug 630
23 26 32 37 45 0 - 77 Aug 631
14 28 34 35 47 0 - 77 Aug 632
9 14 20 33 36 0 - 77 Aug 633
5 12 23 29 43 0 - 77 Aug 634
4 18 21 35 42 0 - 77 Aug 635
4 21 22 39 45 0 - 77 Aug 636
1 4 6 13 47 0 - 77 Aug 637
1 21 27 34 45 0 - 77 Aug 638
3 13 21 26 27 0 - 77 Aug 639
6 23 25 32 36 0 - 77 Aug 640
1 2 5 17 46 0 - 77 Aug 641
7 16 27 42 46 0 - 77 Aug 642
10 21 24 32 43 0 - 77 Aug 643
1 3 14 25 45 0 - 77 Aug 644
9 18 21 22 31 0 - 77 Aug 645
1 2 26 30 33 0 - 77 Aug 646
10 11 13 17 42 0 - 77 Aug 647
9 16 21 27 32 0 - 77 Aug 648
6 11 27 31 43 0 - 77 Aug 649
5 13 15 39 43 0 - 77 Aug 650
5 9 18 27 40 0 - 77 Aug 651
11 19 24 32 44 0 - 77 Aug 652
11 15 22 42 43 0 - 77 Aug 653
6 18 21 32 47 0 - 77 Aug 654
5 21 40 42 46 0 - 77 Aug 655
8 11 15 23 36 0 - 77 Aug 656
7 14 27 39 47 0 - 77 Aug 657
3 28 31 35 41 0 - 77 Aug 658
7 8 20 23 46 0 - 77 Aug 659
9 12 22 25 39 0 - 77 Aug 660
1 9 16 28 37 0 - 77 Aug 661
1 21 23 34 39 0 - 77 Aug 662
4 19 21 36 44 0 - 77 Aug 663
7 16 18 24 37 0 - 77 Aug 664
5 15 18 32 34 0 - 77 Aug 665
9 30 32 45 46 0 - 77 Aug 666
9 17 24 31 37 0 - 77 Aug 667
1 12 33 43 45 0 - 77 Aug 668
4 7 19 23 36 0 - 77 Aug 669
11 17 22 23 28 0 - 77 Aug 670
25 31 32 37 40 0 - 77 Aug 671
15 32 35 39 47 0 - 77 Aug 672
9 25 33 41 43 0 - 77 Aug 673
2 3 24 30 40 0 - 77 Aug 674
2 29 38 39 41 0 - 77 Aug 675
2 20 24 41 47 0 - 77 Aug 676
21 25 29 44 47 0 - 77 Aug 677
9 16 33 34 38 0 - 77 Aug 678
15 30 33 37 46 0 - 77 Aug 679
5 21 31 32 35 0 - 77 Aug 680
3 22 39 40 45 0 - 77 Aug 681
4 5 33 43 47 0 - 77 Aug 682
14 20 34 39 41 0 - 77 Aug 683
23 25 31 37 39 0 - 77 Aug 684
2 5 23 31 40 0 - 77 Aug 685
13 17 27 39 40 0 - 77 Aug 686
13 26 28 31 42 0 - 77 Aug 687
23 31 35 37 39 0 - 77 Aug 688
1 3 11 24 44 0 - 77 Aug 689
6 17 18 26 32 0 - 77 Aug 690
4 13 23 31 41 0 - 77 Aug 691
7 8 18 21 31 0 - 77 Aug 692
1 12 13 19 38 0 - 77 Aug 693
5 8 36 38 46 0 - 77 Aug 694
10 12 38 42 43 0 - 77 Aug 695
2 5 33 34 42 0 - 77 Aug 696
2 12 19 43 47 0 - 77 Aug 697
20 27 33 39 47 0 - 77 Aug 698
12 28 34 46 47 0 - 77 Aug 699
10 14 28 43 46 0 - 77 Aug 700
8 9 10 17 41 0 - 77 Aug 701
4 13 30 33 45 0 - 77 Aug 702
28 29 30 32 34 0 - 77 Aug 703
13 17 37 40 46 0 - 77 Aug 704
7 17 18 27 33 0 - 77 Aug 705
8 16 33 39 45 0 - 77 Aug 706
3 14 18 20 26 0 - 77 Aug 707
16 18 20 31 44 0 - 77 Aug 708
6 14 16 18 46 0 - 77 Aug 709
29 43 44 46 47 0 - 77 Aug 710
5 11 25 26 35 0 - 77 Aug 711
8 12 14 19 46 0 - 77 Aug 712
4 7 9 10 30 0 - 77 Aug 713
7 8 25 27 43 0 - 77 Aug 714
25 35 37 38 40 0 - 77 Aug 715
8 11 22 26 47 0 - 77 Aug 716
19 21 23 32 37 0 - 77 Aug 717
2 3 15 21 41 0 - 77 Aug 718
11 13 32 33 39 0 - 77 Aug 719
3 18 22 27 31 0 - 77 Aug 720
26 29 34 45 47 0 - 77 Aug 721
2 8 14 37 41 0 - 77 Aug 722
6 7 14 38 45 0 - 77 Aug 723
5 21 24 30 33 0 - 77 Aug 724
15 20 26 28 45 0 - 77 Aug 725
10 17 18 28 30 0 - 77 Aug 726
18 19 32 39 44 0 - 77 Aug 727
6 8 18 39 46 0 - 77 Aug 728
4 14 18 20 27 0 - 77 Aug 729
2 5 6 20 42 0 - 77 Aug 730
37 39 41 43 47 0 - 77 Aug 731
16 28 32 35 43 0 - 77 Aug 732
4 6 19 22 37 0 - 77 Aug 733
4 26 31 38 45 0 - 77 Aug 734
2 9 16 39 41 0 - 77 Aug 735
4 28 34 44 46 0 - 77 Aug 736
8 28 33 36 43 0 - 77 Aug 737
11 18 20 43 44 0 - 77 Aug 738
7 12 19 21 43 0 - 77 Aug 739
3 7 25 27 33 0 - 77 Aug 740
19 25 32 39 43 0 - 77 Aug 741
7 21 24 30 43 0 - 77 Aug 742
6 12 31 34 37 0 - 77 Aug 743
6 28 39 43 46 0 - 77 Aug 744
1 10 11 23 45 0 - 77 Aug 745
4 6 16 24 46 0 - 77 Aug 746
12 21 32 42 45 0 - 77 Aug 747
5 11 14 18 38 0 - 77 Aug 748
1 7 14 21 39 0 - 77 Aug 749
9 12 19 22 46 0 - 77 Aug 750
3 20 36 39 45 0 - 77 Aug 751
6 10 15 42 45 0 - 77 Aug 752
6 10 15 19 21 0 - 77 Aug 753
1 2 29 32 41 0 - 77 Aug 754
2 11 14 20 46 0 - 77 Aug 755
20 26 33 46 47 0 - 77 Aug 756
2 27 39 42 45 0 - 77 Aug 757
8 19 23 28 36 0 - 77 Aug 758
4 22 33 39 45 0 - 77 Aug 759
14 22 25 28 34 0 - 77 Aug 760
2 9 14 33 40 0 - 77 Aug 761
8 14 20 35 37 0 - 77 Aug 762
14 15 23 26 35 0 - 77 Aug 763
1 3 7 11 46 0 - 77 Aug 764
2 3 23 34 37 0 - 77 Aug 765
1 13 16 23 33 0 - 77 Aug 766
1 2 7 15 29 0 - 77 Aug 767
20 29 31 40 42 0 - 77 Aug 768
2 8 26 28 33 0 - 77 Aug 769
8 9 29 30 46 0 - 77 Aug 770
3 7 32 36 44 0 - 77 Aug 771
19 23 28 32 33 0 - 77 Aug 772
6 9 16 25 43 0 - 77 Aug 773
3 11 31 42 43 0 - 77 Aug 774
7 9 30 34 37 0 - 77 Aug 775
4 18 38 42 47 0 - 77 Aug 776
9 10 11 34 41 0 - 77 Aug 777
7 16 18 19 38 0 - 77 Aug 778
3 4 8 31 39 0 - 77 Aug 779
3 16 26 27 45 0 - 77 Aug 780
6 13 14 16 21 0 - 77 Aug 781
1 16 37 38 43 0 - 77 Aug 782
3 8 27 41 47 0 - 77 Aug 783
4 17 18 26 28 0 - 77 Aug 784
11 28 37 43 45 0 - 77 Aug 785
3 13 25 42 44 0 - 77 Aug 786
5 11 23 28 29 0 - 77 Aug 787
1 8 24 25 35 0 - 77 Aug 788
3 5 10 11 34 0 - 77 Aug 789
3 15 16 20 32 0 - 77 Aug 790
29 35 43 44 46 0 - 77 Aug 791
13 20 25 30 44 0 - 77 Aug 792
8 22 28 30 45 0 - 77 Aug 793
1 8 22 23 30 0 - 77 Aug 794
3 6 7 26 43 0 - 77 Aug 795
4 5 24 32 38 0 - 77 Aug 796
11 15 24 33 39 0 - 77 Aug 797
15 16 19 32 44 0 - 77 Aug 798
10 16 24 33 37 0 - 77 Aug 799
7 29 35 38 39 0 - 77 Aug 800
8 22 24 27 47 0 - 77 Aug 801
17 18 29 32 41 0 - 77 Aug 802
2 5 9 10 27 0 - 77 Aug 803
4 8 25 35 36 0 - 77 Aug 804
1 9 22 27 45 0 - 77 Aug 805
10 13 17 19 33 0 - 77 Aug 806
6 9 11 23 37 0 - 77 Aug 807
3 4 7 12 21 0 - 77 Aug 808
9 28 30 35 46 0 - 77 Aug 809
13 14 28 36 40 0 - 77 Aug 810
3 6 9 32 43 0 - 77 Aug 811
16 21 25 34 47 0 - 77 Aug 812
11 12 23 32 44 0 - 77 Aug 813
28 38 41 44 47 0 - 77 Aug 814
10 13 15 17 34 0 - 77 Aug 815
5 6 26 30 32 0 - 77 Aug 816
13 30 33 43 44 0 - 77 Aug 817
10 39 40 42 46 0 - 77 Aug 818
1 10 31 43 44 0 - 77 Aug 819
5 15 17 29 47 0 - 77 Aug 820
6 14 16 37 47 0 - 77 Aug 821
12 16 20 34 37 0 - 77 Aug 822
9 13 17 20 39 0 - 77 Aug 823
7 14 40 43 46 0 - 77 Aug 824
10 17 20 22 38 0 - 77 Aug 825
6 10 24 25 36 0 - 77 Aug 826
8 17 21 25 38 0 - 77 Aug 827
6 8 19 37 39 0 - 77 Aug 828
22 25 33 35 39 0 - 77 Aug 829
8 31 39 42 44 0 - 77 Aug 830
6 24 26 32 33 0 - 77 Aug 831
8 9 11 12 39 0 - 77 Aug 832
7 15 19 31 38 0 - 77 Aug 833
3 6 9 22 27 0 - 77 Aug 834
14 17 21 29 45 0 - 77 Aug 835
17 25 29 41 46 0 - 77 Aug 836
8 9 29 35 46 0 - 77 Aug 837
5 19 25 32 35 0 - 77 Aug 838
12 21 22 38 41 0 - 77 Aug 839
3 15 26 27 38 0 - 77 Aug 840
17 19 20 35 44 0 - 77 Aug 841
2 4 6 23 26 0 - 77 Aug 842
10 30 35 39 43 0 - 77 Aug 843
3 8 13 14 33 0 - 77 Aug 844
7 17 19 30 46 0 - 77 Aug 845
9 14 30 36 40 0 - 77 Aug 846
10 19 32 33 36 0 - 77 Aug 847
13 15 16 25 29 0 - 77 Aug 848
8 19 25 27 43 0 - 77 Aug 849
6 16 31 34 40 0 - 77 Aug 850
8 20 21 30 33 0 - 77 Aug 851
6 34 40 46 47 0 - 77 Aug 852
6 8 24 33 35 0 - 77 Aug 853
7 26 30 31 41 0 - 77 Aug 854
3 7 16 19 27 0 - 77 Aug 855
14 31 41 42 43 0 - 77 Aug 856
6 13 30 32 36 0 - 77 Aug 857
14 25 26 28 46 0 - 77 Aug 858
6 16 31 40 47 0 - 77 Aug 859
4 6 36 41 45 0 - 77 Aug 860
1 2 13 27 33 0 - 77 Aug 861
7 32 40 44 47 0 - 77 Aug 862
4 7 16 42 44 0 - 77 Aug 863
9 16 21 23 47 0 - 77 Aug 864
30 33 37 39 47 0 - 77 Aug 865
3 28 36 42 43 0 - 77 Aug 866
15 32 34 40 47 0 - 77 Aug 867
4 12 24 28 45 0 - 77 Aug 868
2 4 26 27 31 0 - 77 Aug 869
4 25 37 44 47 0 - 77 Aug 870
9 18 25 27 39 0 - 77 Aug 871
2 8 16 26 36 0 - 77 Aug 872
31 33 34 42 43 0 - 77 Aug 873
1 7 12 19 40 0 - 77 Aug 874
1 15 19 39 44 0 - 77 Aug 875
2 20 23 31 46 0 - 77 Aug 876
3 9 16 28 32 0 - 77 Aug 877
4 15 23 33 34 0 - 77 Aug 878
14 16 19 39 46 0 - 77 Aug 879
3 15 26 40 43 0 - 77 Aug 880
13 15 17 25 40 0 - 77 Aug 881
6 11 29 34 47 0 - 77 Aug 882
7 8 17 29 42 0 - 77 Aug 883
12 13 25 32 43 0 - 77 Aug 884
6 10 11 27 47 0 - 77 Aug 885
8 31 34 37 38 0 - 77 Aug 886
4 7 31 34 35 0 - 77 Aug 887
7 20 21 37 43 0 - 77 Aug 888
5 9 16 40 46 0 - 77 Aug 889
11 12 14 21 39 0 - 77 Aug 890
28 33 40 43 44 0 - 77 Aug 891
6 10 16 19 36 0 - 77 Aug 892
10 12 29 32 33 0 - 77 Aug 893
4 5 7 22 23 0 - 77 Aug 894
31 32 38 40 47 0 - 77 Aug 895
5 7 9 38 39 0 - 77 Aug 896
8 11 28 31 34 0 - 77 Aug 897
26 36 42 43 45 0 - 77 Aug 898
18 19 34 37 38 0 - 77 Aug 899
12 24 28 42 46 0 - 77 Aug 900
1 15 16 24 26 0 - 77 Aug 901
2 8 11 13 20 0 - 77 Aug 902
19 20 26 41 45 0 - 77 Aug 903
6 19 21 32 34 0 - 77 Aug 904
8 11 17 25 32 0 - 77 Aug 905
1 18 24 32 46 0 - 77 Aug 906
6 10 12 24 38 0 - 77 Aug 907
13 19 28 29 46 0 - 77 Aug 908
9 18 20 27 35 0 - 77 Aug 909
1 8 11 15 34 0 - 77 Aug 910
3 10 24 34 45 0 - 77 Aug 911
7 14 29 36 38 0 - 77 Aug 912
8 22 28 29 40 0 - 77 Aug 913
3 12 25 37 46 0 - 77 Aug 914
6 9 15 35 37 0 - 77 Aug 915
1 3 28 36 43 0 - 77 Aug 916
2 7 16 31 36 0 - 77 Aug 917
15 16 26 35 43 0 - 77 Aug 918
11 18 21 26 44 0 - 77 Aug 919
6 11 19 39 41 0 - 77 Aug 920
11 19 20 25 30 0 - 77 Aug 921
15 24 32 37 41 0 - 77 Aug 922
4 7 26 30 35 0 - 77 Aug 923
21 34 40 43 45 0 - 77 Aug 924
3 5 11 15 17 0 - 77 Aug 925
9 24 28 34 45 0 - 77 Aug 926
6 16 17 20 26 0 - 77 Aug 927
26 38 39 40 47 0 - 77 Aug 928
2 11 16 19 25 0 - 77 Aug 929
9 17 31 36 37 0 - 77 Aug 930
13 23 28 40 45 0 - 77 Aug 931
2 5 9 18 34 0 - 77 Aug 932
18 22 28 30 31 0 - 77 Aug 933
11 18 21 22 35 0 - 77 Aug 934
16 21 22 25 29 0 - 77 Aug 935
4 11 22 38 43 0 - 77 Aug 936
10 26 28 36 39 0 - 77 Aug 937
25 29 34 35 39 0 - 77 Aug 938
10 17 31 32 40 0 - 77 Aug 939
10 14 19 31 36 0 - 77 Aug 940
6 7 18 38 43 0 - 77 Aug 941
11 12 18 26 37 0 - 77 Aug 942
13 19 23 44 45 0 - 77 Aug 943
10 13 23 31 32 0 - 77 Aug 944
6 13 24 26 36 0 - 77 Aug 945
2 7 13 19 26 0 - 77 Aug 946
15 27 31 40 41 0 - 77 Aug 947
2 6 19 31 43 0 - 77 Aug 948
8 26 27 37 45 0 - 77 Aug 949
8 17 20 28 32 0 - 77 Aug 950
6 22 24 30 32 0 - 77 Aug 951
12 17 19 27 35 0 - 77 Aug 952
1 2 5 16 40 0 - 77 Aug 953
15 22 27 32 38 0 - 77 Aug 954
25 26 28 30 31 0 - 77 Aug 955
11 16 30 41 42 0 - 77 Aug 956
23 24 33 39 42 0 - 77 Aug 957
9 11 19 24 43 0 - 77 Aug 958
8 20 24 32 39 0 - 77 Aug 959
5 7 13 38 41 0 - 77 Aug 960
6 28 38 41 45 0 - 77 Aug 961
7 25 28 33 37 0 - 77 Aug 962
11 17 22 32 34 0 - 77 Aug 963
5 13 32 36 37 0 - 77 Aug 964
4 24 25 27 46 0 - 77 Aug 965
5 11 21 30 42 0 - 77 Aug 966
7 16 19 24 36 0 - 77 Aug 967
16 23 28 36 47 0 - 77 Aug 968
9 34 35 44 45 0 - 77 Aug 969
17 18 27 40 45 0 - 77 Aug 970
2 23 26 43 45 0 - 77 Aug 971
3 7 8 31 43 0 - 77 Aug 972
2 27 36 40 46 0 - 77 Aug 973
1 4 27 33 38 0 - 77 Aug 974
2 12 15 20 26 0 - 77 Aug 975
2 15 16 19 31 0 - 77 Aug 976
14 29 30 38 46 0 - 77 Aug 977
5 7 27 35 46 0 - 77 Aug 978
4 11 20 24 31 0 - 77 Aug 979
21 26 34 41 43 0 - 77 Aug 980
3 11 24 25 45 0 - 77 Aug 981
4 26 31 32 47 0 - 77 Aug 982
9 28 36 44 46 0 - 77 Aug 983
10 14 21 45 47 0 - 77 Aug 984
5 7 28 36 47 0 - 77 Aug 985
1 2 8 9 36 0 - 77 Aug 986
20 30 31 34 42 0 - 77 Aug 987
6 10 22 39 42 0 - 77 Aug 988
20 21 24 29 47 0 - 77 Aug 989
13 16 27 36 39 0 - 77 Aug 990
5 6 11 20 34 0 - 77 Aug 991
5 13 25 31 36 0 - 77 Aug 992
10 11 13 14 20 0 - 77 Aug 993
2 9 10 16 23 0 - 77 Aug 994
7 19 26 28 43 0 - 77 Aug 995
5 8 33 42 45 0 - 77 Aug 996
19 25 27 35 37 0 - 77 Aug 997
19 25 38 42 47 0 - 77 Aug 998
7 34 36 41 47 0 - 77 Aug 999
12 23 36 46 47 0 - 77 Aug 1000
7 10 26 31 43 0 - 77 Aug 1001
5 9 19 41 42 0 - 77 Aug 1002
6 7 30 33 41 0 - 77 Aug 1003
11 24 30 35 39 0 - 77 Aug 1004
9 29 30 44 46 0 - 77 Aug 1005
4 15 21 24 37 0 - 77 Aug 1006
1 11 12 15 32 0 - 77 Aug 1007
9 20 27 31 46 0 - 77 Aug 1008
1 10 16 22 29 0 - 77 Aug 1009
8 15 18 29 32 0 - 77 Aug 1010
18 28 30 36 44 0 - 77 Aug 1011
23 32 42 43 45 0 - 77 Aug 1012
11 24 42 45 47 2 - 77 Aug 1013
2 18 30 38 45 13 - 77 Aug 1014
5 6 9 11 43 17 - 77 Aug 1015
10 11 15 17 24 5 - 77 Aug 1016
6 14 36 42 43 22 - 77 Aug 1017
16 35 36 37 41 2 - 77 Aug 1018
4 27 30 38 44 26 - 77 Aug 1019
25 31 38 43 47 20 - 77 Aug 1020
17 18 25 34 43 15 - 77 Aug 1021
13 15 21 27 40 6 - 77 Aug 1022
2 8 11 14 28 6 - 77 Aug 1023
16 17 23 27 28 7 - 77 Aug 1024
14 19 20 27 44 4 - 77 Aug 1025
6 20 28 30 46 12 - 77 Aug 1026
8 12 15 18 39 19 - 77 Aug 1027
5 16 20 35 36 20 - 77 Aug 1028
12 26 36 41 42 3 - 77 Aug 1029
13 23 27 32 47 19 - 77 Aug 1030
12 19 20 21 45 17 - 77 Aug 1031
11 20 28 30 37 19 - 77 Aug 1032
3 7 18 28 37 22 - 77 Aug 1033
2 10 13 16 26 22 - 77 Aug 1034
13 20 30 33 35 13 - 77 Aug 1035
23 41 43 45 47 5 - 77 Aug 1036
1 7 11 31 45 24 - 77 Aug 1037
11 16 29 32 39 22 - 77 Aug 1038
6 8 17 19 41 20 - 77 Aug 1039
15 28 36 44 47 27 - 77 Aug 1040
4 22 26 32 47 18 - 77 Aug 1041
15 24 27 36 41 7 - 77 Aug 1042
14 22 35 36 42 22 - 77 Aug 1043
10 16 20 27 39 26 - 77 Aug 1044
1 2 24 28 32 12 - 77 Aug 1045
3 22 28 29 39 8 - 77 Aug 1046
3 18 22 33 47 27 - 77 Aug 1047
4 11 12 28 33 12 - 77 Aug 1048
6 9 10 29 44 14 - 77 Aug 1049
7 12 24 27 31 4 - 77 Aug 1050
8 20 24 28 31 25 - 77 Aug 1051
9 15 25 30 35 9 - 77 Aug 1052
1 5 7 19 24 25 - 77 Aug 1053
23 24 35 37 40 8 - 77 Aug 1054
3 38 44 45 47 21 - 77 Aug 1055
2 9 16 24 30 5 - 77 Aug 1056
7 15 18 29 46 23 - 77 Aug 1057
4 10 22 28 44 3 - 77 Aug 1058
7 23 38 41 42 22 - 77 Aug 1059
26 28 35 39 40 10 - 77 Aug 1060
3 5 12 40 45 25 - 77 Aug 1061
6 13 27 44 46 8 - 77 Aug 1062
3 21 27 35 46 6 - 77 Aug 1063
3 15 23 33 43 27 - 77 Aug 1064
17 34 37 46 47 18 - 77 Aug 1065
11 13 14 21 40 11 - 77 Aug 1066
6 15 16 20 43 17 - 77 Aug 1067
3 30 33 44 47 17 - 77 Aug 1068
7 14 26 27 45 7 - 77 Aug 1069
1 8 24 37 46 15 - 77 Aug 1070
2 4 5 17 41 2 - 77 Aug 1071
20 25 34 41 44 8 - 77 Aug 1072
8 9 17 20 35 16 - 77 Aug 1073
13 31 33 43 46 7 - 77 Aug 1074
26 41 42 44 46 6 - 77 Aug 1075
6 15 30 35 46 3 - 77 Aug 1076
3 14 33 38 41 19 - 77 Aug 1077
4 8 17 33 47 1 - 77 Aug 1078
11 12 29 38 41 16 - 77 Aug 1079
18 20 31 34 47 18 - 77 Aug 1080
5 7 11 16 22 3 - 77 Aug 1081
2 7 13 16 32 9 - 77 Aug 1082
4 19 21 28 34 19 - 77 Aug 1083
1 2 8 21 26 4 - 77 Aug 1084
21 23 39 41 42 17 - 77 Aug 1085
5 8 24 25 37 17 - 77 Aug 1086
1 3 24 35 46 23 - 77 Aug 1087
18 26 35 41 43 7 - 77 Aug 1088
3 22 23 39 46 4 - 77 Aug 1089
3 11 32 43 47 13 - 77 Aug 1090
2 10 22 26 35 23 - 77 Aug 1091
8 17 28 29 43 22 - 77 Aug 1092
1 19 22 41 46 20 - 77 Aug 1093
3 19 26 30 36 27 - 77 Aug 1094
17 22 24 43 45 8 - 77 Aug 1095
12 14 16 22 28 9 - 77 Aug 1096
4 23 31 42 45 13 - 77 Aug 1097
4 7 8 11 31 2 - 77 Aug 1098
11 14 18 26 34 1 - 77 Aug 1099
6 25 27 35 37 26 - 77 Aug 1100
4 9 32 45 46 24 - 77 Aug 1101
1 9 22 29 40 16 - 77 Aug 1102
7 14 27 41 47 8 - 77 Aug 1103
3 15 19 21 33 2 - 77 Aug 1104
21 24 26 36 38 10 - 77 Aug 1105
1 8 26 27 31 12 - 77 Aug 1106
3 26 33 40 45 11 - 77 Aug 1107
24 25 29 33 35 5 - 77 Aug 1108
23 26 28 32 37 15 - 77 Aug 1109
13 22 32 36 42 11 - 77 Aug 1110
9 14 31 39 41 15 - 77 Aug 1111
1 18 19 27 41 4 - 77 Aug 1112
7 8 26 29 43 15 - 77 Aug 1113
1 4 11 16 35 18 - 77 Aug 1114
10 23 26 29 36 6 - 77 Aug 1115
5 9 21 28 35 7 - 77 Aug 1116
17 33 34 38 47 7 - 77 Aug 1117
10 17 40 42 45 22 - 77 Aug 1118
15 20 23 27 42 2 - 77 Aug 1119
4 5 9 40 41 2 - 77 Aug 1120
7 12 13 16 47 17 - 77 Aug 1121
4 11 12 26 37 17 - 77 Aug 1122
21 35 38 39 44 8 - 77 Aug 1123
2 3 13 30 31 14 - 77 Aug 1124
13 30 31 33 46 4 - 77 Aug 1125
9 27 33 39 42 16 - 77 Aug 1126
5 11 14 23 38 11 - 77 Aug 1127
8 10 19 34 43 20 - 77 Aug 1128
1 10 20 34 42 18 - 77 Aug 1129
3 33 34 37 47 1 - 77 Aug 1130
7 11 23 43 46 27 - 77 Aug 1131
10 23 36 38 44 17 - 77 Aug 1132
1 10 19 23 34 25 - 77 Aug 1133
2 3 21 37 39 8 - 77 Aug 1134
4 13 25 28 47 14 - 77 Aug 1135
6 20 25 31 44 20 - 77 Aug 1136
8 26 32 44 47 2 - 77 Aug 1137
3 9 10 14 15 15 - 77 Aug 1138
1 5 26 30 42 9 - 77 Aug 1139
27 30 38 44 45 3 - 77 Aug 1140
5 11 12 38 43 22 - 77 Aug 1141
1 8 9 11 31 12 - 77 Aug 1142
3 5 18 44 45 20 - 77 Aug 1143
16 20 27 36 38 25 - 77 Aug 1144
14 20 24 26 27 25 - 77 Aug 1145
13 18 30 33 39 11 - 77 Aug 1146
13 17 35 40 43 21 - 77 Aug 1147
15 18 21 35 45 7 - 77 Aug 1148
13 29 35 38 43 24 - 77 Aug 1149
7 8 21 29 41 1 - 77 Aug 1150
18 19 22 34 43 16 - 77 Aug 1151
8 22 28 35 42 1 - 77 Aug 1152
6 8 9 23 25 3 - 77 Aug 1153
13 16 18 25 45 15 - 77 Aug 1154
4 16 19 30 41 25 - 77 Aug 1155
8 10 13 39 47 6 - 77 Aug 1156
10 16 29 31 37 26 - 77 Aug 1157
18 30 32 40 46 23 - 77 Aug 1158
2 5 38 40 42 5 - 77 Aug 1159
15 23 38 41 43 7 - 77 Aug 1160
17 18 24 30 47 4 - 77 Aug 1161
14 22 25 35 45 11 - 77 Aug 1162
2 10 29 31 41 23 - 77 Aug 1163
2 3 6 18 20 11 - 77 Aug 1164
5 17 21 27 35 19 - 77 Aug 1165
13 26 29 35 43 26 - 77 Aug 1166
4 15 16 33 39 1 - 77 Aug 1167
28 33 40 41 44 1 - 77 Aug 1168
5 19 22 41 44 1 - 77 Aug 1169
10 15 28 38 39 5 - 77 Aug 1170
4 9 29 43 44 10 - 77 Aug 1171
4 6 16 35 45 9 - 77 Aug 1172
3 17 28 30 39 19 - 77 Aug 1173
2 8 22 23 30 5 - 77 Aug 1174
6 15 22 27 31 5 - 77 Aug 1175
2 6 40 42 44 27 - 77 Aug 1176
16 27 31 32 43 27 - 77 Aug 1177
2 5 13 14 44 7 - 77 Aug 1178
4 10 14 19 37 17 - 77 Aug 1179
3 12 18 21 36 20 - 77 Aug 1180
2 7 9 15 45 5 - 77 Aug 1181
4 8 14 32 44 6 - 77 Aug 1182
24 31 37 44 45 17 - 77 Aug 1183
13 16 26 34 39 15 - 77 Aug 1184
4 12 15 21 22 16 - 77 Aug 1185
16 18 40 44 47 27 - 77 Aug 1186
1 6 19 23 47 17 - 77 Aug 1187
9 12 16 25 43 8 - 77 Aug 1188
4 35 38 39 42 10 - 77 Aug 1189
4 6 9 23 46 25 - 77 Aug 1190
1 25 33 36 42 19 - 77 Aug 1191
6 13 15 35 46 2 - 77 Aug 1192
24 27 29 40 45 17 - 77 Aug 1193
19 23 28 35 39 8 - 77 Aug 1194
9 14 19 26 47 20 - 77 Aug 1195
19 21 23 24 33 18 - 77 Aug 1196
20 35 40 45 46 22 - 77 Aug 1197
8 24 30 36 37 5 - 77 Aug 1198
2 14 18 27 36 9 - 77 Aug 1199
11 24 30 32 35 26 - 77 Aug 1200
5 8 17 30 36 22 - 77 Aug 1201
7 11 18 24 38 22 - 77 Aug 1202
10 15 19 26 33 10 - 77 Aug 1203
1 16 32 42 43 19 - 77 Aug 1204
5 19 23 36 44 10 - 77 Aug 1205
6 22 25 32 33 27 - 77 Aug 1206
2 10 36 42 43 1 - 77 Aug 1207
15 16 41 43 46 22 - 77 Aug 1208
8 29 31 36 40 17 - 77 Aug 1209
7 12 26 28 44 7 - 77 Aug 1210
13 20 38 39 43 19 - 77 Aug 1211
2 4 30 37 39 27 - 77 Aug 1212
8 16 34 41 47 16 - 77 Aug 1213
8 14 23 44 46 22 - 77 Aug 1214
4 25 30 35 40 17 - 77 Aug 1215
3 10 34 36 45 7 - 77 Aug 1216
2 7 17 31 36 16 - 77 Aug 1217
4 7 13 38 46 18 - 77 Aug 1218
12 15 16 19 46 10 - 77 Aug 1219
14 15 37 39 41 2 - 77 Aug 1220
7 23 25 34 44 14 - 77 Aug 1221
3 14 18 32 41 26 - 77 Aug 1222
2 7 22 32 39 19 - 77 Aug 1223
10 28 30 34 38 1 - 77 Aug 1224
4 10 11 32 37 22 - 77 Aug 1225
15 24 26 30 38 10 - 77 Aug 1226
3 14 22 40 44 11 - 77 Aug 1227
2 16 20 21 33 6 - 77 Aug 1228
9 10 11 25 27 6 - 77 Aug 1229
4 9 10 18 21 7 - 77 Aug 1230
4 8 33 34 37 5 - 77 Aug 1231
13 28 32 44 47 11 - 77 Aug 1232
15 20 31 33 45 13 - 77 Aug 1233
4 12 18 33 46 27 - 77 Aug 1234
1 6 7 13 36 16 - 77 Aug 1235
1 13 18 39 43 7 - 77 Aug 1236
11 16 23 29 35 16 - 77 Aug 1237
4 9 10 21 39 23 - 77 Aug 1238
6 8 16 25 42 8 - 77 Aug 1239
4 26 29 37 38 22 - 77 Aug 1240
3 6 16 17 25 2 - 77 Aug 1241
12 28 32 33 43 12 - 77 Aug 1242
11 14 20 31 39 1 - 77 Aug 1243
16 19 21 31 35 3 - 77 Aug 1244
9 13 18 24 34 11 - 77 Aug 1245
10 31 37 38 42 25 - 77 Aug 1246
14 24 30 36 45 1 - 77 Aug 1247
7 10 21 22 32 5 - 77 Aug 1248
3 13 15 20 38 1 - 77 Aug 1249
13 17 23 35 42 3 - 77 Aug 1250
3 14 39 46 47 3 - 77 Aug 1251
7 15 32 36 42 9 - 77 Aug 1252
15 25 27 34 44 21 - 77 Aug 1253
8 11 20 35 45 7 - 77 Aug 1254
10 27 34 36 40 21 - 77 Aug 1255
6 9 10 18 19 19 - 77 Aug 1256
10 13 15 17 20 27 - 77 Aug 1257
5 10 14 44 46 11 - 77 Aug 1258
9 17 28 33 34 4 - 77 Aug 1259
14 29 31 43 44 25 - 77 Aug 1260
7 8 11 38 43 10 - 77 Aug 1261
3 11 18 19 44 27 - 77 Aug 1262
8 29 32 37 47 1 - 77 Aug 1263
3 16 19 24 46 5 - 77 Aug 1264
13 17 19 39 42 10 - 77 Aug 1265
3 13 20 35 39 19 - 77 Aug 1266
1 12 22 45 46 1 - 77 Aug 1267
2 7 9 12 16 27 - 77 Aug 1268
15 18 19 22 34 8 - 77 Aug 1269
2 4 13 19 21 6 - 77 Aug 1270
3 13 16 31 33 7 - 77 Aug 1271
5 8 10 15 25 4 - 77 Aug 1272
3 10 22 24 47 9 - 77 Aug 1273
10 23 30 32 46 5 - 77 Aug 1274
4 6 20 41 46 3 - 77 Aug 1275
16 19 25 39 41 26 - 77 Aug 1276
7 17 21 25 41 12 - 77 Aug 1277
16 31 37 38 43 11 - 77 Aug 1278
5 7 8 33 40 23 - 77 Aug 1279
8 12 19 37 47 25 - 77 Aug 1280
3 4 15 26 36 25 - 77 Aug 1281
1 17 34 41 44 16 - 77 Aug 1282
1 12 13 17 45 23 - 77 Aug 1283
13 16 26 37 40 9 - 77 Aug 1284
3 7 19 35 44 25 - 77 Aug 1285
7 15 21 26 42 24 - 77 Aug 1286
8 18 19 25 35 8 - 77 Aug 1287
4 7 17 19 27 3 - 77 Aug 1288
6 13 20 27 39 11 - 77 Aug 1289
2 11 18 19 40 20 - 77 Aug 1290
5 24 27 29 45 2 - 77 Aug 1291
15 23 31 44 47 11 - 77 Aug 1292
4 6 7 13 40 7 - 77 Aug 1293
5 11 12 19 22 8 - 77 Aug 1294
2 7 11 15 28 15 - 77 Aug 1295
10 12 16 42 46 21 - 77 Aug 1296
3 11 31 32 38 13 - 77 Aug 1297
1 2 3 13 23 1 - 77 Aug 1298
3 8 20 34 37 22 - 77 Aug 1299
3 10 26 38 46 14 - 77 Aug 1300
1 4 7 38 46 18 - 77 Aug 1301
24 32 36 39 45 14 - 77 Aug 1302
12 24 38 45 47 3 - 77 Aug 1303
6 7 20 27 38 24 - 77 Aug 1304
1 5 14 16 41 2 - 77 Aug 1305
4 18 25 27 33 20 - 77 Aug 1306
2 3 6 8 25 26 - 77 Aug 1307
8 17 18 19 34 6 - 77 Aug 1308
7 11 24 26 38 16 - 77 Aug 1309
10 12 20 41 42 4 - 77 Aug 1310
19 21 23 38 44 8 - 77 Aug 1311
18 31 38 46 47 2 - 77 Aug 1312
3 6 16 20 36 7 - 77 Aug 1313
8 24 37 38 40 9 - 77 Aug 1314
16 19 32 34 45 4 - 77 Aug 1315
13 14 22 26 31 19 - 77 Aug 1316
16 25 26 29 38 27 - 77 Aug 1317
9 25 27 36 47 27 - 77 Aug 1318
2 7 10 40 44 27 - 77 Aug 1319
12 23 25 30 47 5 - 77 Aug 1320
1 17 26 31 37 15 - 77 Aug 1321
4 12 18 36 45 1 - 77 Aug 1322
12 15 32 45 47 6 - 77 Aug 1323
11 17 24 46 47 8 - 77 Aug 1324
1 11 34 38 40 2 - 77 Aug 1325
9 14 18 27 45 10 - 77 Aug 1326
6 10 13 18 43 23 - 77 Aug 1327
13 28 31 38 42 26 - 77 Aug 1328
1 11 20 34 38 16 - 77 Aug 1329
5 18 32 42 43 21 - 77 Aug 1330
1 10 12 16 18 9 - 77 Aug 1331
20 32 35 36 41 8 - 77 Aug 1332
6 10 14 29 37 20 - 77 Aug 1333
1 13 20 30 46 26 - 77 Aug 1334
18 26 39 42 46 18 - 77 Aug 1335
4 12 40 45 47 17 - 77 Aug 1336
2 14 23 30 44 9 - 77 Aug 1337
2 8 22 35 38 12 - 77 Aug 1338
15 26 34 35 46 6 - 77 Aug 1339
5 7 19 29 30 6 - 77 Aug 1340
12 24 26 27 44 25 - 77 Aug 1341
17 31 32 34 44 5 - 77 Aug 1342
4 6 10 33 41 13 - 77 Aug 1343
16 20 24 28 42 27 - 77 Aug 1344
8 10 13 39 41 12 - 77 Aug 1345
9 26 38 39 40 24 - 77 Aug 1346
2 3 8 23 41 23 - 77 Aug 1347
12 18 28 37 40 14 - 77 Aug 1348
1 9 26 29 30 17 - 77 Aug 1349
4 33 34 41 43 21 - 77 Aug 1350
3 16 18 22 36 22 - 77 Aug 1351
3 7 8 13 26 9 - 77 Aug 1352
4 12 22 27 40 3 - 77 Aug 1353
1 17 33 42 45 13 - 77 Aug 1354
20 22 23 27 43 20 - 77 Aug 1355
3 11 40 42 44 17 - 77 Aug 1356
7 23 24 37 43 25 - 77 Aug 1357
13 16 34 40 46 13 - 77 Aug 1358
8 14 18 22 30 19 - 77 Aug 1359
10 27 29 35 42 19 - 77 Aug 1360
1 15 19 33 37 15 - 77 Aug 1361
8 10 25 35 36 3 - 77 Aug 1362
21 23 26 29 45 5 - 77 Aug 1363
10 20 27 31 41 26 - 77 Aug 1364
3 8 32 36 40 21 - 77 Aug 1365
4 15 23 39 46 23 - 77 Aug 1366
6 15 26 33 41 4 - 77 Aug 1367
3 14 27 36 42 11 - 77 Aug 1368
2 14 20 22 29 14 - 77 Aug 1369
10 17 34 35 39 3 - 77 Aug 1370
13 24 25 41 44 8 - 77 Aug 1371
1 6 16 29 35 5 - 77 Aug 1372
4 34 41 42 45 11 - 77 Aug 1373
4 7 16 18 46 25 - 77 Aug 1374
17 19 35 39 42 4 - 77 Aug 1375
8 23 31 32 37 22 - 77 Aug 1376
9 12 24 34 43 2 - 77 Aug 1377
19 21 32 42 44 19 - 77 Aug 1378
4 20 22 41 43 8 - 77 Aug 1379
2 4 19 24 43 1 - 77 Aug 1380
9 15 21 22 42 4 - 77 Aug 1381
3 12 27 40 45 8 - 77 Aug 1382
9 24 27 35 47 9 - 77 Aug 1383
2 11 13 22 35 11 - 77 Aug 1384
4 5 6 9 40 14 - 77 Aug 1385
2 3 9 13 28 11 - 77 Aug 1386
1 4 19 21 42 13 - 77 Aug 1387
3 6 14 29 30 5 - 77 Aug 1388
7 8 20 25 36 12 - 77 Aug 1389
4 6 16 18 37 21 - 77 Aug 1390
2 10 23 27 38 9 - 77 Aug 1391
2 16 20 28 35 24 - 77 Aug 1392
6 19 25 32 40 4 - 77 Aug 1393
4 26 28 36 39 19 - 77 Aug 1394
4 18 19 44 45 19 - 77 Aug 1395
11 12 36 38 39 26 - 77 Aug 1396
1 9 14 15 35 27 - 77 Aug 1397
9 24 25 30 32 23 - 77 Aug 1398
12 15 34 36 42 2 - 77 Aug 1399
5 13 25 28 39 2 - 77 Aug 1400
5 8 9 10 42 19 - 77 Aug 1401
4 8 24 36 38 9 - 77 Aug 1402
11 25 28 37 45 22 - 77 Aug 1403
1 11 18 20 28 13 - 77 Aug 1404
2 12 20 30 32 6 - 77 Aug 1405
5 6 16 37 44 5 - 77 Aug 1406
6 13 18 39 43 5 - 77 Aug 1407
4 29 36 44 45 8 - 77 Aug 1408
7 10 20 27 36 11 - 77 Aug 1409
4 6 23 37 39 12 - 77 Aug 1410
3 10 11 31 38 26 - 77 Aug 1411
3 16 29 38 39 18 - 77 Aug 1412
11 15 16 19 44 27 - 77 Aug 1413
6 8 21 42 45 12 - 77 Aug 1414
9 22 26 40 45 19 - 77 Aug 1415
9 23 43 44 46 20 - 77 Aug 1416
6 11 13 45 46 1 - 77 Aug 1417
10 12 17 36 45 10 - 77 Aug 1418
5 7 24 32 34 23 - 77 Aug 1419
3 16 21 33 44 27 - 77 Aug 1420
7 23 32 42 43 15 - 77 Aug 1421
8 9 25 38 46 13 - 77 Aug 1422
4 10 24 38 46 2 - 77 Aug 1423
14 24 33 37 43 3 - 77 Aug 1424
5 6 11 20 46 6 - 77 Aug 1425
13 14 24 32 46 19 - 77 Aug 1426
7 15 19 42 46 18 - 77 Aug 1427
6 8 35 41 42 20 - 77 Aug 1428
1 13 20 22 34 27 - 77 Aug 1429
3 31 33 35 41 8 - 77 Aug 1430
7 19 20 36 43 25 - 77 Aug 1431
17 20 29 31 43 2 - 77 Aug 1432
7 9 18 36 47 14 - 77 Aug 1433
12 32 38 44 47 13 - 77 Aug 1434
1 18 19 35 36 22 - 77 Aug 1435
2 20 26 28 31 3 - 77 Aug 1436
14 23 29 30 43 18 - 77 Aug 1437
6 25 28 32 38 18 - 77 Aug 1438
2 3 5 20 21 15 - 77 Aug 1439
6 16 25 37 40 9 - 77 Aug 1440
11 13 24 26 27 17 - 77 Aug 1441
13 17 32 35 36 22 - 77 Aug 1442
4 15 22 42 43 21 - 77 Aug 1443
4 23 32 34 44 7 - 77 Aug 1444
6 17 26 28 35 3 - 77 Aug 1445
3 14 21 24 38 27 - 77 Aug 1446
1 13 29 37 38 18 - 77 Aug 1447
5 20 28 34 41 8 - 77 Aug 1448
3 39 40 44 47 15 - 77 Aug 1449
1 10 18 22 26 19 - 77 Aug 1450
9 19 20 30 37 1 - 77 Aug 1451
1 2 14 31 47 4 - 77 Aug 1452
2 25 38 45 46 21 - 77 Aug 1453
11 15 32 35 46 5 - 77 Aug 1454
22 26 30 43 45 16 - 77 Aug 1455
9 18 41 43 45 6 - 77 Aug 1456
22 26 34 45 46 22 - 77 Aug 1457
1 18 19 30 45 25 - 77 Aug 1458
8 21 27 46 47 26 - 77 Aug 1459
18 23 28 39 43 2 - 77 Aug 1460
7 20 31 35 41 9 - 77 Aug 1461
7 17 28 40 46 15 - 77 Aug 1462
3 16 33 36 47 22 - 77 Aug 1463
19 31 32 44 45 1 - 77 Aug 1464
19 27 29 35 38 20 - 77 Aug 1465
8 14 15 41 47 20 - 77 Aug 1466
2 13 15 22 32 2 - 77 Aug 1467
9 24 29 42 44 15 - 77 Aug 1468
17 22 25 28 35 15 - 77 Aug 1469
15 20 31 32 41 18 - 77 Aug 1470
1 3 20 40 44 1 - 77 Aug 1471
6 19 20 39 41 20 - 77 Aug 1472
23 28 33 34 47 20 - 77 Aug 1473
10 11 17 36 45 11 - 77 Aug 1474
28 30 33 36 40 22 - 77 Aug 1475
3 15 27 29 40 8 - 77 Aug 1476
4 20 22 25 35 25 - 77 Aug 1477
5 7 10 16 34 1 - 77 Aug 1478
5 19 24 35 38 13 - 77 Aug 1479
12 20 28 35 36 5 - 77 Aug 1480
2 3 6 32 33 21 - 77 Aug 1481
7 13 19 24 43 20 - 77 Aug 1482
8 20 27 30 45 20 - 77 Aug 1483
20 27 31 33 34 21 - 77 Aug 1484
3 9 23 30 42 1 - 77 Aug 1485
23 25 29 36 43 26 - 77 Aug 1486
13 29 35 41 47 19 - 77 Aug 1487
3 4 10 19 38 27 - 77 Aug 1488
1 14 20 34 44 20 - 77 Aug 1489
22 31 32 40 43 20 - 77 Aug 1490
1 21 22 44 47 10 - 77 Aug 1491
13 17 25 28 43 26 - 77 Aug 1492
8 18 24 30 47 12 - 77 Aug 1493
24 27 32 36 40 26 - 77 Aug 1494
22 29 33 40 47 26 - 77 Aug 1495
3 9 22 30 42 27 - 77 Aug 1496
10 19 40 45 46 4 - 77 Aug 1497
12 18 30 37 40 19 - 77 Aug 1498
3 12 40 44 47 12 - 77 Aug 1499
8 11 35 38 44 26 - 77 Aug 1500
5 8 11 26 39 4 - 77 Aug 1501
5 14 18 31 33 14 - 77 Aug 1502
10 11 13 23 34 15 - 77 Aug 1503
1 3 6 28 41 2 - 77 Aug 1504
4 7 24 35 38 21 - 77 Aug 1505
11 18 29 33 45 12 - 77 Aug 1506
24 26 27 37 38 14 - 77 Aug 1507
9 11 25 30 40 19 - 77 Aug 1508
14 28 32 37 47 7 - 77 Aug 1509
2 4 11 15 24 25 - 77 Aug 1510
12 19 20 32 34 27 - 77 Aug 1511
15 21 23 28 31 19 - 77 Aug 1512
17 26 31 34 41 13 - 77 Aug 1513
3 18 24 39 41 1 - 77 Aug 1514
4 18 35 40 42 18 - 77 Aug 1515
1 18 22 24 29 2 - 77 Aug 1516
6 19 35 36 41 8 - 77 Aug 1517
10 22 32 37 43 2 - 77 Aug 1518
19 20 27 39 43 27 - 77 Aug 1519
4 7 21 41 42 17 - 77 Aug 1520
4 24 41 42 46 6 - 77 Aug 1521
28 32 34 38 44 6 - 77 Aug 1522
20 23 26 33 44 24 - 77 Aug 1523
10 11 15 34 44 12 - 77 Aug 1524
6 8 17 23 30 12 - 77 Aug 1525
11 16 32 34 43 20 - 77 Aug 1526
2 7 8 14 36 6 - 77 Aug 1527
4 27 29 40 46 8 - 77 Aug 1528
1 9 17 24 45 12 - 77 Aug 1529
14 28 30 34 35 11 - 77 Aug 1530
4 20 22 37 39 7 - 77 Aug 1531
15 22 27 36 44 23 - 77 Aug 1532
17 21 32 40 47 23 - 77 Aug 1533
17 27 29 33 41 14 - 77 Aug 1534
7 12 30 35 39 13 - 77 Aug 1535
3 9 29 40 42 20 - 77 Aug 1536
3 4 23 25 26 23 - 77 Aug 1537
13 30 31 34 39 17 - 77 Aug 1538
7 10 21 28 32 5 - 77 Aug 1539
15 28 33 43 44 1 - 77 Aug 1540
2 9 11 38 40 24 - 77 Aug 1541
5 6 26 46 47 14 - 77 Aug 1542
6 20 21 26 28 12 - 77 Aug 1543
15 29 31 37 39 7 - 77 Aug 1544
15 22 33 38 40 10 - 77 Aug 1545
16 17 24 38 42 13 - 77 Aug 1546
23 25 36 41 44 16 - 77 Aug 1547
2 4 18 30 46 2 - 77 Aug 1548
10 11 17 18 30 1 - 77 Aug 1549
3 15 19 31 32 9 - 77 Aug 1550
1 11 13 16 26 13 - 77 Aug 1551
6 21 27 38 43 25 - 77 Aug 1552
9 18 39 42 45 1 - 77 Aug 1553
8 13 23 27 28 23 - 77 Aug 1554
20 22 28 37 44 24 - 77 Aug 1555
11 29 30 36 37 18 - 77 Aug 1556
3 25 34 37 40 3 - 77 Aug 1557
6 12 17 23 36 21 - 77 Aug 1558
1 16 17 18 28 13 - 77 Aug 1559
14 17 21 24 29 23 - 77 Aug 1560
8 17 20 29 36 14 - 77 Aug 1561
3 8 18 26 41 9 - 77 Aug 1562
15 16 30 31 32 15 - 77 Aug 1563
28 37 39 46 47 27 - 77 Aug 1564
1 12 34 42 47 7 - 77 Aug 1565
3 21 32 35 41 8 - 77 Aug 1566
2 20 26 38 44 25 - 77 Aug 1567
7 15 26 27 31 11 - 77 Aug 1568
3 5 22 27 39 8 - 77 Aug 1569
13 28 38 41 45 26 - 77 Aug 1570
9 13 22 31 40 16 - 77 Aug 1571
20 21 22 23 32 27 - 77 Aug 1572
2 20 22 28 33 14 - 77 Aug 1573
4 6 17 18 19 22 - 77 Aug 1574
8 30 37 42 47 4 - 77 Aug 1575
1 2 15 23 41 20 - 77 Aug 1576
5 16 27 28 35 9 - 77 Aug 1577
10 33 36 45 47 23 - 77 Aug 1578
19 21 24 26 39 11 - 77 Aug 1579
15 19 27 34 40 23 - 77 Aug 1580
11 19 23 28 36 15 - 77 Aug 1581
6 17 38 39 41 15 - 77 Aug 1582
6 15 19 33 41 14 - 77 Aug 1583
1 14 18 20 33 23 - 77 Aug 1584
5 9 26 27 29 2 - 77 Aug 1585
10 26 27 38 40 24 - 77 Aug 1586
14 16 17 23 30 25 - 77 Aug 1587
1 2 10 31 41 10 - 77 Aug 1588
7 12 21 45 46 8 - 77 Aug 1589
7 10 13 28 35 19 - 77 Aug 1590
16 24 27 35 41 3 - 77 Aug 1591
29 32 38 43 44 24 - 77 Aug 1592
20 25 35 39 43 6 - 77 Aug 1593
24 25 27 37 42 5 - 77 Aug 1594
23 26 30 35 40 20 - 77 Aug 1595
7 11 13 36 47 26 - 77 Aug 1596
8 15 21 28 45 17 - 77 Aug 1597
3 16 22 29 38 11 - 77 Aug 1598
18 24 30 40 47 11 - 77 Aug 1599
8 10 17 24 43 21 - 77 Aug 1600
18 21 38 39 43 15 - 77 Aug 1601
4 8 26 30 40 24 - 77 Aug 1602
3 6 7 22 42 17 - 77 Aug 1603
1 8 12 13 14 9 - 77 Aug 1604
17 21 35 36 44 10 - 77 Aug 1605
13 14 17 33 37 9 - 77 Aug 1606
11 17 27 28 29 9 - 77 Aug 1607
23 31 39 42 45 2 - 77 Aug 1608
6 25 28 45 47 20 - 77 Aug 1609
13 21 34 45 47 6 - 77 Aug 1610
6 12 27 37 43 10 - 77 Aug 1611
10 15 24 27 37 8 - 77 Aug 1612
6 20 26 33 42 26 - 77 Aug 1613
5 22 23 27 34 1 - 77 Aug 1614
2 6 24 32 44 27 - 77 Aug 1615
20 38 40 41 47 20 - 77 Aug 1616
1 3 16 30 37 13 - 77 Aug 1617
6 27 31 36 39 27 - 77 Aug 1618
1 9 16 36 41 9 - 77 Aug 1619
2 14 21 28 34 18 - 77 Aug 1620
13 14 16 22 46 18 - 77 Aug 1621
8 9 18 28 34 12 - 77 Aug 1622
1 11 31 38 42 22 - 77 Aug 1623
22 29 39 40 47 17 - 77 Aug 1624
16 19 23 33 41 20 - 77 Aug 1625
7 14 27 37 38 11 - 77 Aug 1626
10 13 16 32 38 4 - 77 Aug 1627
1 6 23 31 42 11 - 77 Aug 1628
8 9 18 19 44 7 - 77 Aug 1629
4 17 23 25 42 20 - 77 Aug 1630
9 29 31 39 43 5 - 77 Aug 1631
21 23 40 42 44 7 - 77 Aug 1632
4 9 20 28 42 23 - 77 Aug 1633
4 12 28 31 36 15 - 77 Aug 1634
8 16 20 29 36 20 - 77 Aug 1635
1 20 23 27 29 6 - 77 Aug 1636
8 19 28 36 38 11 - 77 Aug 1637
10 24 28 32 37 5 - 77 Aug 1638
1 2 3 21 31 19 - 77 Aug 1639
3 17 25 26 37 9 - 77 Aug 1640
2 9 10 13 45 19 - 77 Aug 1641
13 15 18 26 43 24 - 77 Aug 1642
4 11 15 42 47 8 - 77 Aug 1643
8 13 26 27 42 7 - 77 Aug 1644
20 26 29 32 46 8 - 77 Aug 1645
16 21 29 36 40 23 - 77 Aug 1646
3 8 19 22 46 27 - 77 Aug 1647
5 7 32 40 46 16 - 77 Aug 1648
4 14 15 24 37 8 - 77 Aug 1649
14 34 36 42 44 23 - 77 Aug 1650
29 33 37 46 47 7 - 77 Aug 1651
7 20 42 44 46 12 - 77 Aug 1652
4 19 24 33 46 1 - 77 Aug 1653
7 12 16 22 38 14 - 77 Aug 1654
17 20 22 42 46 20 - 77 Aug 1655
22 24 28 41 46 12 - 77 Aug 1656
6 10 19 22 42 23 - 77 Aug 1657
2 5 15 18 41 17 - 77 Aug 1658
1 12 18 21 37 1 - 77 Aug 1659
19 23 26 29 35 25 - 77 Aug 1660
2 11 21 35 38 21 - 77 Aug 1661
27 30 39 44 47 1 - 77 Aug 1662
9 17 19 27 42 11 - 77 Aug 1663
12 21 29 33 38 6 - 77 Aug 1664
7 32 34 36 37 5 - 77 Aug 1665
12 16 22 31 33 17 - 77 Aug 1666
12 24 27 30 46 9 - 77 Aug 1667
2 4 5 26 43 22 - 77 Aug 1668
5 7 25 31 43 8 - 77 Aug 1669
7 18 26 37 47 24 - 77 Aug 1670
2 17 33 35 39 14 - 77 Aug 1671
1 4 11 15 21 3 - 77 Aug 1672
4 15 38 39 42 5 - 77 Aug 1673
18 26 29 31 45 7 - 77 Aug 1674
12 14 16 25 43 26 - 77 Aug 1675
19 27 33 37 41 24 - 77 Aug 1676
15 19 21 35 37 4 - 77 Aug 1677
4 21 25 36 46 4 - 77 Aug 1678
15 23 31 40 44 16 - 77 Aug 1679
5 15 16 21 43 8 - 77 Aug 1680
9 14 18 20 28 26 - 77 Aug 1681
16 24 37 42 45 16 - 77 Aug 1682
1 2 4 13 18 1 - 77 Aug 1683
10 13 14 16 32 15 - 77 Aug 1684
6 12 20 25 35 11 - 77 Aug 1685
28 31 32 38 40 17 - 77 Aug 1686
1 18 20 23 41 22 - 77 Aug 1687
22 25 30 39 47 8 - 77 Aug 1688
1 15 17 32 33 10 - 77 Aug 1689
16 21 26 29 38 21 - 77 Aug 1690
2 10 19 34 45 11 - 77 Aug 1691
5 14 21 32 37 5 - 77 Aug 1692
12 14 25 27 28 14 - 77 Aug 1693
3 10 15 16 37 18 - 77 Aug 1694
3 10 13 22 32 17 - 77 Aug 1695
11 12 16 29 34 1 - 77 Aug 1696
1 3 11 26 44 16 - 77 Aug 1697
5 8 22 30 38 7 - 77 Aug 1698
21 24 25 39 42 14 - 77 Aug 1699
3 9 12 22 23 14 - 77 Aug 1700
7 10 22 31 36 26 - 77 Aug 1701
5 22 28 44 45 2 - 77 Aug 1702
10 26 29 34 44 17 - 77 Aug 1703
21 30 35 41 43 13 - 77 Aug 1704
5 16 26 45 46 11 - 77 Aug 1705
29 32 34 38 43 15 - 77 Aug 1706
2 8 17 30 31 9 - 77 Aug 1707
2 3 18 25 33 12 - 77 Aug 1708
10 11 26 28 36 18 - 77 Aug 1709
6 7 14 43 44 19 - 77 Aug 1710
18 24 25 29 39 1 - 77 Aug 1711
6 14 15 19 47 11 - 77 Aug 1712
19 25 33 38 39 12 - 77 Aug 1713
8 23 24 33 46 19 - 77 Aug 1714
5 14 15 22 24 24 - 77 Aug 1715
6 11 14 31 47 8 - 77 Aug 1716
15 21 25 32 40 23 - 77 Aug 1717
2 19 32 43 45 7 - 77 Aug 1718
6 21 26 28 39 25 - 77 Aug 1719
3 14 18 24 44 16 - 77 Aug 1720
2 4 33 45 47 18 - 77 Aug 1721
10 12 13 24 27 2 - 77 Aug 1722
15 25 36 41 45 17 - 77 Aug 1723
11 16 21 24 41 9 - 77 Aug 1724
4 8 18 19 28 5 - 77 Aug 1725
16 23 33 35 40 13 - 77 Aug 1726
2 3 7 22 36 8 - 77 Aug 1727
3 10 13 16 36 8 - 77 Aug 1728
5 13 15 18 29 9 - 77 Aug 1729
4 5 7 26 33 21 - 77 Aug 1730
14 23 27 36 42 5 - 77 Aug 1731
10 11 13 14 34 12 - 77 Aug 1732
9 17 19 26 28 27 - 77 Aug 1733
13 17 20 28 32 12 - 77 Aug 1734
9 11 24 37 47 10 - 77 Aug 1735
9 12 13 27 29 27 - 77 Aug 1736
8 17 22 31 42 3 - 77 Aug 1737
18 23 26 35 42 22 - 77 Aug 1738
6 13 34 35 41 4 - 77 Aug 1739
2 8 26 29 31 25 - 77 Aug 1740
15 19 28 33 39 22 - 77 Aug 1741
2 11 13 29 37 3 - 77 Aug 1742
5 6 21 31 35 18 - 77 Aug 1743
7 16 32 35 38 21 - 77 Aug 1744
6 10 19 31 41 9 - 77 Aug 1745
6 11 24 39 44 17 - 77 Aug 1746
11 15 21 26 39 11 - 77 Aug 1747
14 25 27 35 43 4 - 77 Aug 1748
10 11 17 30 44 12 - 77 Aug 1749
10 14 22 24 38 21 - 77 Aug 1750
2 4 14 30 41 2 - 77 Aug 1751
17 18 21 22 41 23 - 77 Aug 1752
2 7 22 29 42 14 - 77 Aug 1753
6 16 17 30 41 22 - 77 Aug 1754
10 11 22 25 41 21 - 77 Aug 1755
10 15 20 21 30 11 - 77 Aug 1756
4 27 28 31 32 7 - 77 Aug 1757
8 15 18 32 44 9 - 77 Aug 1758
6 24 28 33 42 20 - 77 Aug 1759
4 12 19 36 40 24 - 77 Aug 1760
2 8 22 25 36 9 - 77 Aug 1761
5 11 26 27 42 24 - 77 Aug 1762
10 16 24 27 33 20 - 77 Aug 1763
10 19 26 32 44 8 - 77 Aug 1764
8 16 18 22 42 13 - 77 Aug 1765
12 16 22 35 42 6 - 77 Aug 1766
7 17 32 33 43 13 - 77 Aug 1767
20 21 25 30 41 3 - 77 Aug 1768
4 5 16 21 45 5 - 77 Aug 1769
4 8 27 43 44 9 - 77 Aug 1770
24 26 29 30 33 13 - 77 Aug 1771
10 13 23 27 38 25 - 77 Aug 1772
1 20 28 29 44 25 - 77 Aug 1773
3 21 32 33 46 14 - 77 Aug 1774
27 30 34 35 38 20 - 77 Aug 1775
1 3 4 10 43 11 - 77 Aug 1776
20 27 38 43 44 19 - 77 Aug 1777
12 20 24 35 41 16 - 77 Aug 1778
16 23 40 44 47 19 - 77 Aug 1779
3 16 23 32 47 2 - 77 Aug 1780
5 12 17 39 44 14 - 77 Aug 1781
1 31 36 40 41 12 - 77 Aug 1782
12 22 40 42 44 25 - 77 Aug 1783
17 30 39 42 47 10 - 77 Aug 1784
14 26 31 34 45 10 - 77 Aug 1785
5 16 26 27 47 10 - 77 Aug 1786
1 7 17 23 26 19 - 77 Aug 1787
4 18 24 29 33 26 - 77 Aug 1788
9 14 37 41 47 26 - 77 Aug 1789
18 21 35 39 46 15 - 77 Aug 1790
3 15 18 21 43 27 - 77 Aug 1791
2 4 26 32 44 13 - 77 Aug 1792
5 6 12 33 45 8 - 77 Aug 1793
8 35 38 41 45 8 - 77 Aug 1794
2 9 23 28 37 12 - 77 Aug 1795
13 15 21 33 36 26 - 77 Aug 1796
16 17 33 34 39 4 - 77 Aug 1797
12 15 36 41 44 26 - 77 Aug 1798
20 21 27 40 41 15 - 77 Aug 1799
3 5 6 14 44 1 - 77 Aug 1800
30 34 38 39 42 11 - 77 Aug 1801
10 18 24 27 43 10 - 77 Aug 1802
11 28 31 32 40 25 - 77 Aug 1803
9 16 20 29 36 22 - 77 Aug 1804
23 25 26 27 46 7 - 77 Aug 1805
3 6 10 25 36 10 - 77 Aug 1806
26 27 34 43 47 12 - 77 Aug 1807
7 19 20 25 28 4 - 77 Aug 1808
15 17 34 37 39 24 - 77 Aug 1809
7 23 31 38 41 3 - 77 Aug 1810
14 17 31 38 47 12 - 77 Aug 1811
2 13 18 25 39 25 - 77 Aug 1812
1 2 16 25 30 9 - 77 Aug 1813
22 25 38 40 42 16 - 77 Aug 1814
6 10 12 30 46 8 - 77 Aug 1815
20 25 29 46 47 2 - 77 Aug 1816
8 11 15 24 46 2 - 77 Aug 1817
14 22 35 40 43 10 - 77 Aug 1818
12 16 36 37 46 20 - 77 Aug 1819
4 21 33 43 47 9 - 77 Aug 1820
15 23 34 40 44 10 - 77 Aug 1821
16 24 36 39 47 1 - 77 Aug 1822
10 12 14 16 31 21 - 77 Aug 1823
2 19 31 35 36 8 - 77 Aug 1824
9 24 31 39 41 10 - 77 Aug 1825
4 7 8 13 38 8 - 77 Aug 1826
1 3 32 41 42 27 - 77 Aug 1827
3 16 19 27 41 8 - 77 Aug 1828
9 27 34 40 44 5 - 77 Aug 1829
1 8 11 25 32 24 - 77 Aug 1830
4 19 29 38 39 18 - 77 Aug 1831
8 19 20 39 45 2 - 77 Aug 1832
1 17 19 20 21 26 - 77 Aug 1833
1 17 23 29 41 12 - 77 Aug 1834
11 14 26 46 47 17 - 77 Aug 1835
7 8 12 14 37 8 - 77 Aug 1836
2 5 13 34 46 18 - 77 Aug 1837
11 19 31 36 40 17 - 77 Aug 1838
2 14 25 26 27 6 - 77 Aug 1839
8 14 20 37 42 17 - 77 Aug 1840
4 8 29 35 45 2 - 77 Aug 1841
4 8 17 19 44 19 - 77 Aug 1842
2 7 17 40 45 9 - 77 Aug 1843
4 24 26 35 36 21 - 77 Aug 1844
2 18 24 34 40 18 - 77 Aug 1845
15 24 25 31 38 2 - 77 Aug 1846
21 24 40 46 47 14 - 77 Aug 1847
10 15 20 21 24 23 - 77 Aug 1848
14 16 31 34 40 5 - 77 Aug 1849
15 18 27 35 38 6 - 77 Aug 1850
7 26 32 39 40 1 - 77 Aug 1851
4 15 26 27 44 22 - 77 Aug 1852
6 8 28 35 38 9 - 77 Aug 1853
7 20 32 42 43 4 - 77 Aug 1854
2 3 11 33 34 10 - 77 Aug 1855
16 19 32 33 44 26 - 77 Aug 1856
14 17 30 32 38 5 - 77 Aug 1857
9 16 23 32 34 11 - 77 Aug 1858
6 11 22 39 46 8 - 77 Aug 1859
23 24 25 32 41 24 - 77 Aug 1860
8 10 13 23 39 2 - 77 Aug 1861
6 10 11 16 33 10 - 77 Aug 1862
9 12 20 35 36 9 - 77 Aug 1863
3 15 23 28 41 24 - 77 Aug 1864
13 20 28 30 35 11 - 77 Aug 1865
4 15 26 32 36 4 - 77 Aug 1866
12 14 20 22 44 18 - 77 Aug 1867
6 9 11 18 36 6 - 77 Aug 1868
6 19 29 31 35 4 - 77 Aug 1869
3 5 11 16 32 22 - 77 Aug 1870
4 10 19 28 47 19 - 77 Aug 1871
14 19 36 38 39 2 - 77 Aug 1872
1 17 29 31 35 5 - 77 Aug 1873
2 33 40 41 46 16 - 77 Aug 1874
6 12 17 20 41 17 - 77 Aug 1875
15 18 24 32 36 16 - 77 Aug 1876
1 4 10 29 43 9 - 77 Aug 1877
18 34 36 46 47 13 - 77 Aug 1878
13 14 41 43 45 22 - 77 Aug 1879
4 7 18 38 43 7 - 77 Aug 1880
2 4 7 12 32 14 - 77 Aug 1881
10 26 29 33 41 20 - 77 Aug 1882
14 15 31 35 44 1 - 77 Aug 1883
6 10 12 18 45 13 - 77 Aug 1884
13 16 17 26 33 6 - 77 Aug 1885
7 15 17 22 42 16 - 77 Aug 1886
8 14 30 34 43 2 - 77 Aug 1887
2 11 22 28 35 22 - 77 Aug 1888
4 7 20 25 47 12 - 77 Aug 1889
24 30 35 39 41 13 - 77 Aug 1890
1 22 26 44 47 5 - 77 Aug 1891
5 23 24 27 43 16 - 77 Aug 1892
19 24 34 44 47 23 - 77 Aug 1893
6 17 35 43 45 25 - 77 Aug 1894
13 16 18 39 42 3 - 77 Aug 1895
4 14 19 27 46 7 - 77 Aug 1896
18 19 23 39 43 9 - 77 Aug 1897
23 29 33 38 44 5 - 77 Aug 1898
10 16 18 27 36 13 - 77 Aug 1899
22 25 30 32 34 16 - 77 Aug 1900
2 12 13 23 44 9 - 77 Aug 1901
5 26 31 33 41 1 - 77 Aug 1902
7 16 19 24 45 4 - 77 Aug 1903
7 28 32 42 45 2 - 77 Aug 1904
31 33 38 42 45 25 - 77 Aug 1905
2 11 33 36 40 14 - 77 Aug 1906
5 11 42 43 45 17 - 77 Aug 1907
1 21 41 42 47 14 - 77 Aug 1908
11 17 27 36 39 1 - 77 Aug 1909
7 11 15 17 32 5 - 77 Aug 1910
3 14 18 20 46 10 - 77 Aug 1911
11 12 39 43 45 24 - 77 Aug 1912
7 15 16 30 33 14 - 77 Aug 1913
7 27 36 46 47 12 - 77 Aug 1914
6 10 11 32 39 12 - 77 Aug 1915
11 26 34 37 46 13 - 77 Aug 1916
8 12 24 25 39 19 - 77 Aug 1917
3 9 21 23 36 25 - 77 Aug 1918
3 9 10 36 40 9 - 77 Aug 1919
3 7 13 15 38 12 - 77 Aug 1920
12 17 18 19 41 21 - 77 Aug 1921
6 12 23 32 40 16 - 77 Aug 1922
13 22 24 29 31 2 - 77 Aug 1923
1 6 14 40 46 3 - 77 Aug 1924
17 19 26 38 47 7 - 77 Aug 1925
1 5 8 13 29 8 - 77 Aug 1926
1 9 12 20 23 14 - 77 Aug 1927
2 9 14 31 43 26 - 77 Aug 1928
9 12 13 36 37 14 - 77 Aug 1929
5 7 19 37 45 2 - 77 Aug 1930
3 4 5 32 39 8 - 77 Aug 1931
10 13 27 35 47 2 - 77 Aug 1932
14 20 30 36 46 17 - 77 Aug 1933
1 2 9 39 40 6 - 77 Aug 1934
4 15 27 40 42 25 - 77 Aug 1935
8 11 19 29 35 22 - 77 Aug 1936
22 29 36 40 43 14 - 77 Aug 1937
5 8 20 31 33 27 - 77 Aug 1938
4 17 23 25 33 14 - 77 Aug 1939
21 31 32 38 43 3 - 77 Aug 1940
6 12 15 38 41 10 - 77 Aug 1941
25 33 35 41 44 21 - 77 Aug 1942
3 15 22 30 38 13 - 77 Aug 1943
2 7 9 29 35 4 - 77 Aug 1944
11 17 32 33 43 2 - 77 Aug 1945
2 9 13 21 29 16 - 77 Aug 1946
5 16 24 30 38 2 - 77 Aug 1947
8 18 33 39 45 26 - 77 Aug 1948
10 19 21 22 28 15 - 77 Aug 1949
9 22 31 38 47 7 - 77 Aug 1950
2 10 11 30 43 23 - 77 Aug 1951
14 20 35 41 47 24 - 77 Aug 1952
5 20 24 26 44 10 - 77 Aug 1953
10 22 27 28 34 7 - 77 Aug 1954
2 5 6 20 42 12 - 77 Aug 1955
22 34 39 42 47 2 - 77 Aug 1956
1 10 15 18 33 17 - 77 Aug 1957
2 10 15 18 21 16 - 77 Aug 1958
3 4 36 38 42 12 - 77 Aug 1959
11 12 16 17 20 17 - 77 Aug 1960
4 12 17 33 39 8 - 77 Aug 1961
9 24 33 34 41 3 - 77 Aug 1962
1 2 31 44 47 2 - 77 Aug 1963
2 7 14 32 34 12 - 77 Aug 1964
9 24 40 42 46 24 - 77 Aug 1965
2 18 26 28 30 2 - 77 Aug 1966
10 23 31 42 47 19 - 77 Aug 1967
3 10 24 32 41 20 - 77 Aug 1968
11 14 24 42 44 5 - 77 Aug 1969
9 10 13 29 36 5 - 77 Aug 1970
6 10 23 40 46 2 - 77 Aug 1971
1 8 22 31 43 27 - 77 Aug 1972
3 6 10 21 33 22 - 77 Aug 1973
5 29 30 34 37 18 - 77 Aug 1974
2 28 30 33 41 21 - 77 Aug 1975
6 22 24 25 46 3 - 77 Aug 1976
9 26 32 33 35 4 - 77 Aug 1977
2 39 43 44 45 14 - 77 Aug 1978
9 19 25 42 44 13 - 77 Aug 1979
31 41 45 46 47 16 - 77 Aug 1980
3 20 36 41 45 15 - 77 Aug 1981
3 6 22 35 38 11 - 77 Aug 1982
5 16 27 41 45 26 - 77 Aug 1983
9 21 30 37 45 2 - 77 Aug 1984
5 14 17 23 35 9 - 77 Aug 1985
7 13 27 28 30 9 - 77 Aug 1986
19 23 26 27 44 9 - 77 Aug 1987
22 23 38 40 47 10 - 77 Aug 1988
9 17 23 26 35 19 - 77 Aug 1989
1 7 24 34 38 6 - 77 Aug 1990
1 18 22 24 36 10 - 77 Aug 1991
35 36 43 45 46 27 - 77 Aug 1992
6 20 23 32 35 20 - 77 Aug 1993
3 19 20 31 45 12 - 77 Aug 1994
2 8 20 30 40 4 - 77 Aug 1995
11 15 27 41 42 19 - 77 Aug 1996
3 24 26 41 44 25 - 77 Aug 1997
4 6 15 40 41 10 - 77 Aug 1998
13 15 16 39 43 25 - 77 Aug 1999
11 17 19 31 36 12 - 77 Aug 2000
1 6 25 27 35 4 - 77 Aug 2001
6 11 26 31 41 3 - 77 Aug 2002
1 4 13 15 40 1 - 77 Aug 2003
4 12 16 34 41 9 - 77 Aug 2004
1 18 21 37 47 23 - 77 Aug 2005
3 6 23 41 44 23 - 77 Aug 2006
5 23 25 40 44 24 - 77 Aug 2007
6 17 22 24 29 25 - 77 Aug 2008
4 7 13 15 35 14 - 77 Aug 2009
25 35 36 39 44 22 - 77 Aug 2010
6 23 26 27 47 7 - 77 Aug 2011
4 7 20 29 39 15 - 77 Aug 2012
3 17 28 32 42 4 - 77 Aug 2013
15 20 33 40 45 5 - 77 Aug 2014
5 7 13 30 43 24 - 77 Aug 2015
